aa,pos,plddt,rsa,uniprot_id,location
MET,1,35.6,1.197549,Q13219,disordered
ARG,2,33.59,0.963071,Q13219,disordered
LEU,3,35.42,0.861667,Q13219,disordered
TRP,4,39.25,1.007722,Q13219,disordered
SER,5,37.04,0.816393,Q13219,disordered
TRP,6,37.06,0.886486,Q13219,disordered
VAL,7,39.28,0.73625,Q13219,disordered
LEU,8,37.2,0.993889,Q13219,disordered
HIS,9,29.67,0.91701,Q13219,disordered
LEU,10,30.62,0.863889,Q13219,disordered
GLY,11,29.23,0.96,Q13219,disordered
LEU,12,24.79,0.814444,Q13219,disordered
LEU,13,26.3,0.866111,Q13219,disordered
SER,14,27.01,0.928689,Q13219,disordered
ALA,15,28.47,0.861947,Q13219,disordered
ALA,16,25.67,0.804425,Q13219,disordered
LEU,17,28.51,1.001667,Q13219,disordered
GLY,18,32.17,0.963529,Q13219,disordered
CYS,19,22.25,0.978571,Q13219,disordered
GLY,20,23.05,0.785882,Q13219,disordered
LEU,21,27.17,0.963333,Q13219,disordered
ALA,22,23.42,0.790265,Q13219,disordered
GLU,23,27.14,1.040984,Q13219,disordered
ARG,24,25.89,0.970124,Q13219,disordered
PRO,25,37.2,0.767832,Q13219,disordered
ARG,26,26.83,0.83195,Q13219,disordered
ARG,27,22.96,0.971784,Q13219,disordered
ALA,28,30.47,0.890265,Q13219,disordered
ARG,29,25.74,0.895436,Q13219,disordered
ARG,30,29.92,0.935685,Q13219,disordered
ASP,31,24.07,0.899338,Q13219,disordered
PRO,32,29.35,0.815385,Q13219,disordered
ARG,33,25.04,0.96805,Q13219,disordered
ALA,34,24.85,0.89469,Q13219,disordered
GLY,35,26.83,0.827059,Q13219,disordered
ARG,36,24.58,0.901245,Q13219,disordered
PRO,37,23.69,0.734266,Q13219,disordered
PRO,38,26.41,0.877622,Q13219,disordered
ARG,39,23.19,0.879253,Q13219,disordered
PRO,40,23.88,0.888112,Q13219,disordered
ALA,41,24.61,0.787611,Q13219,disordered
ALA,42,23.67,0.915044,Q13219,disordered
GLY,43,23.32,0.603529,Q13219,disordered
PRO,44,26.44,0.876224,Q13219,disordered
ALA,45,27.08,0.784071,Q13219,disordered
THR,46,27.34,0.916438,Q13219,disordered
CYS,47,36.47,0.189286,Q13219,disordered
ALA,48,32.53,0.415044,Q13219,disordered
THR,49,32.21,0.082192,Q13219,disordered
ARG,50,31.06,0.486722,Q13219,disordered
ALA,51,27.1,0.484071,Q13219,disordered
ALA,52,27.28,0.139823,Q13219,disordered
ARG,53,25.09,0.251867,Q13219,disordered
GLY,54,24.58,0.08,Q13219,disordered
ARG,55,28.35,0.204979,Q13219,disordered
ARG,56,27.35,0.048963,Q13219,disordered
ALA,57,24.06,0.375221,Q13219,disordered
SER,58,25.05,0.82623,Q13219,disordered
PRO,59,26.35,0.577622,Q13219,disordered
PRO,60,23.92,0.792308,Q13219,disordered
PRO,61,22.45,0.816783,Q13219,disordered
PRO,62,23.75,0.825175,Q13219,disordered
PRO,63,26.6,0.806294,Q13219,disordered
PRO,64,24.4,0.837063,Q13219,disordered
PRO,65,24.8,0.963636,Q13219,disordered
GLY,66,23.51,0.981176,Q13219,disordered
GLY,67,25.27,0.835294,Q13219,disordered
ALA,68,21.93,0.861947,Q13219,disordered
TRP,69,25.69,0.950579,Q13219,disordered
GLU,70,21.99,0.951366,Q13219,disordered
ALA,71,20.73,0.847788,Q13219,disordered
VAL,72,22.9,0.916875,Q13219,disordered
ARG,73,19.61,0.875934,Q13219,disordered
VAL,74,26.33,0.72625,Q13219,disordered
PRO,75,26.95,0.836364,Q13219,disordered
ARG,76,20.31,0.917427,Q13219,disordered
ARG,77,24.14,0.873029,Q13219,disordered
ARG,78,22.63,0.848963,Q13219,disordered
GLN,79,22.09,0.951323,Q13219,disordered
GLN,80,26.21,0.950265,Q13219,disordered
ARG,81,21.59,0.860166,Q13219,disordered
GLU,82,22.64,0.839344,Q13219,disordered
ALA,83,26.99,0.90885,Q13219,disordered
ARG,84,22.87,1.018672,Q13219,disordered
GLY,85,25.26,0.623529,Q13219,disordered
ALA,86,25.33,1.002655,Q13219,intermediate
THR,87,26.64,0.79863,Q13219,intermediate
GLU,88,27.21,0.948087,Q13219,intermediate
GLU,89,24.46,0.907104,Q13219,intermediate
PRO,90,37.04,0.831469,Q13219,intermediate
SER,91,43.99,0.598361,Q13219,intermediate
PRO,92,48.64,0.772727,Q13219,intermediate
PRO,93,59.67,0.478322,Q13219,intermediate
SER,94,72.82,0.189344,Q13219,ordered
ARG,95,85.43,0.299585,Q13219,ordered
ALA,96,88.8,0.019469,Q13219,ordered
LEU,97,92.43,0.0,Q13219,ordered
TYR,98,92.67,0.038428,Q13219,ordered
PHE,99,92.82,0.001376,Q13219,ordered
SER,100,87.76,0.248361,Q13219,ordered
GLY,101,86.63,0.325882,Q13219,ordered
ARG,102,82.12,0.606224,Q13219,ordered
GLY,103,82.57,0.155294,Q13219,ordered
GLU,104,88.12,0.13224,Q13219,ordered
GLN,105,89.17,0.035979,Q13219,ordered
LEU,106,91.35,0.012778,Q13219,ordered
ARG,107,89.44,0.372199,Q13219,ordered
LEU,108,90.01,0.098333,Q13219,ordered
ARG,109,80.42,0.536929,Q13219,ordered
ALA,110,65.79,0.472566,Q13219,intermediate
ASP,111,68.32,1.121854,Q13219,intermediate
LEU,112,76.59,0.309444,Q13219,ordered
GLU,113,83.16,0.585246,Q13219,ordered
LEU,114,88.56,0.101111,Q13219,ordered
PRO,115,90.5,0.054545,Q13219,ordered
ARG,116,89.73,0.29834,Q13219,ordered
ASP,117,90.29,0.527152,Q13219,ordered
ALA,118,93.58,0.169912,Q13219,ordered
PHE,119,96.06,0.0,Q13219,ordered
THR,120,96.39,0.0,Q13219,ordered
LEU,121,96.0,0.008333,Q13219,ordered
GLN,122,94.44,0.034392,Q13219,ordered
VAL,123,93.7,0.003125,Q13219,ordered
TRP,124,91.67,0.056757,Q13219,ordered
LEU,125,92.74,0.0,Q13219,ordered
ARG,126,91.2,0.267635,Q13219,ordered
ALA,127,93.16,0.0,Q13219,ordered
GLU,128,92.35,0.07377,Q13219,ordered
GLY,129,90.12,0.0,Q13219,ordered
GLY,130,86.66,0.108235,Q13219,ordered
GLN,131,88.23,0.010582,Q13219,ordered
ARG,132,81.74,0.303734,Q13219,ordered
SER,133,83.95,0.443443,Q13219,ordered
PRO,134,87.2,0.286713,Q13219,ordered
ALA,135,91.2,0.0,Q13219,ordered
VAL,136,93.46,0.021875,Q13219,ordered
ILE,137,95.57,0.002747,Q13219,ordered
THR,138,95.12,0.0,Q13219,ordered
GLY,139,93.07,0.0,Q13219,ordered
LEU,140,92.07,0.016111,Q13219,ordered
TYR,141,87.16,0.130568,Q13219,ordered
ASP,142,82.98,0.07351,Q13219,ordered
LYS,143,75.22,0.517536,Q13219,ordered
CYS,144,70.39,0.506429,Q13219,ordered
SER,145,62.74,0.190164,Q13219,intermediate
TYR,146,54.14,0.658952,Q13219,intermediate
ILE,147,50.29,0.499451,Q13219,intermediate
SER,148,55.42,0.084426,Q13219,intermediate
ARG,149,62.85,0.463071,Q13219,intermediate
ASP,150,71.74,0.429801,Q13219,ordered
ARG,151,80.86,0.13195,Q13219,ordered
GLY,152,88.68,0.014118,Q13219,ordered
TRP,153,94.17,0.009653,Q13219,ordered
VAL,154,94.49,0.158125,Q13219,ordered
VAL,155,96.93,0.005,Q13219,ordered
GLY,156,95.55,0.0,Q13219,ordered
ILE,157,94.0,0.0,Q13219,ordered
HIS,158,89.35,0.181443,Q13219,ordered
THR,159,81.77,0.246575,Q13219,ordered
ILE,160,74.89,0.207692,Q13219,ordered
SER,161,61.91,0.681967,Q13219,intermediate
ASP,162,49.45,0.837748,Q13219,intermediate
GLN,163,47.93,0.590476,Q13219,intermediate
ASP,164,49.2,0.781457,Q13219,intermediate
ASN,165,51.05,0.374051,Q13219,intermediate
LYS,166,65.67,0.236967,Q13219,intermediate
ASP,167,78.11,0.198013,Q13219,ordered
PRO,168,87.83,0.0,Q13219,ordered
ARG,169,91.87,0.220332,Q13219,ordered
TYR,170,95.78,0.035371,Q13219,ordered
PHE,171,95.76,0.057339,Q13219,ordered
PHE,172,97.05,0.0,Q13219,ordered
SER,173,95.1,0.128689,Q13219,ordered
LEU,174,94.47,0.001111,Q13219,ordered
LYS,175,90.08,0.048815,Q13219,ordered
THR,176,88.17,0.008219,Q13219,ordered
ASP,177,82.84,0.041722,Q13219,ordered
ARG,178,83.0,0.082573,Q13219,ordered
ALA,179,81.25,0.10531,Q13219,ordered
ARG,180,78.04,0.515768,Q13219,ordered
GLN,181,82.34,0.762963,Q13219,ordered
VAL,182,88.09,0.43,Q13219,ordered
THR,183,90.45,0.056849,Q13219,ordered
THR,184,92.04,0.415753,Q13219,ordered
ILE,185,92.79,0.059341,Q13219,ordered
ASN,186,92.47,0.282911,Q13219,ordered
ALA,187,92.34,0.046018,Q13219,ordered
HIS,188,85.0,0.17268,Q13219,ordered
ARG,189,84.74,0.493361,Q13219,ordered
SER,190,87.23,0.395902,Q13219,ordered
TYR,191,89.95,0.010044,Q13219,ordered
LEU,192,85.88,0.453889,Q13219,ordered
PRO,193,87.76,0.254545,Q13219,ordered
GLY,194,83.78,0.548235,Q13219,ordered
GLN,195,83.67,0.340741,Q13219,ordered
TRP,196,86.87,0.245174,Q13219,ordered
VAL,197,90.63,0.08375,Q13219,ordered
TYR,198,92.51,0.025764,Q13219,ordered
LEU,199,95.46,0.008889,Q13219,ordered
ALA,200,96.79,0.007965,Q13219,ordered
ALA,201,97.79,0.00177,Q13219,ordered
THR,202,97.32,0.037671,Q13219,ordered
TYR,203,97.27,0.0,Q13219,ordered
ASP,204,94.0,0.527815,Q13219,ordered
GLY,205,90.89,0.170588,Q13219,ordered
GLN,206,88.17,0.544974,Q13219,ordered
PHE,207,91.34,0.381651,Q13219,ordered
MET,208,93.64,0.001961,Q13219,ordered
LYS,209,95.56,0.261137,Q13219,ordered
LEU,210,97.0,0.001111,Q13219,ordered
TYR,211,96.39,0.029694,Q13219,ordered
VAL,212,94.34,0.111875,Q13219,ordered
ASN,213,91.23,0.06519,Q13219,ordered
GLY,214,90.93,0.025882,Q13219,ordered
ALA,215,94.33,0.016814,Q13219,ordered
GLN,216,95.17,0.10582,Q13219,ordered
VAL,217,93.57,0.028125,Q13219,ordered
ALA,218,91.9,0.130088,Q13219,ordered
THR,219,91.84,0.277397,Q13219,ordered
SER,220,88.66,0.139344,Q13219,ordered
GLY,221,85.09,0.489412,Q13219,ordered
GLU,222,83.52,0.72623,Q13219,ordered
GLN,223,87.55,0.021693,Q13219,ordered
VAL,224,87.14,0.27,Q13219,ordered
GLY,225,87.66,0.232941,Q13219,ordered
GLY,226,88.91,0.1,Q13219,ordered
ILE,227,90.23,0.001099,Q13219,ordered
PHE,228,87.78,0.009174,Q13219,ordered
SER,229,84.2,0.035246,Q13219,ordered
PRO,230,82.65,0.642657,Q13219,ordered
LEU,231,79.64,0.454444,Q13219,ordered
THR,232,80.4,0.067123,Q13219,ordered
GLN,233,84.02,0.35291,Q13219,ordered
LYS,234,81.98,0.847867,Q13219,ordered
CYS,235,82.17,0.13,Q13219,ordered
LYS,236,87.05,0.066825,Q13219,ordered
VAL,237,87.93,0.091875,Q13219,ordered
LEU,238,91.62,0.015556,Q13219,ordered
MET,239,91.41,0.026961,Q13219,ordered
LEU,240,93.45,0.0,Q13219,ordered
GLY,241,92.24,0.008235,Q13219,ordered
GLY,242,89.88,0.0,Q13219,ordered
SER,243,85.52,0.028689,Q13219,ordered
ALA,244,76.09,0.49469,Q13219,ordered
LEU,245,78.05,0.534444,Q13219,ordered
ASN,246,78.76,0.574684,Q13219,ordered
HIS,247,86.71,0.219072,Q13219,ordered
ASN,248,89.21,0.103797,Q13219,ordered
TYR,249,93.31,0.003493,Q13219,ordered
ARG,250,91.86,0.048963,Q13219,ordered
GLY,251,93.68,0.0,Q13219,ordered
TYR,252,92.2,0.051528,Q13219,ordered
ILE,253,93.19,0.0,Q13219,ordered
GLU,254,88.09,0.004372,Q13219,ordered
HIS,255,86.19,0.236082,Q13219,ordered
PHE,256,91.03,0.001376,Q13219,ordered
SER,257,91.5,0.054918,Q13219,ordered
LEU,258,92.89,0.005556,Q13219,ordered
TRP,259,93.12,0.006178,Q13219,ordered
LYS,260,91.8,0.409953,Q13219,ordered
VAL,261,93.69,0.254375,Q13219,ordered
ALA,262,94.39,0.330088,Q13219,ordered
ARG,263,94.06,0.129461,Q13219,ordered
THR,264,92.76,0.528082,Q13219,ordered
GLN,265,93.17,0.120635,Q13219,ordered
ARG,266,90.14,0.487552,Q13219,ordered
GLU,267,91.03,0.348087,Q13219,ordered
ILE,268,91.21,0.001099,Q13219,ordered
LEU,269,88.78,0.023333,Q13219,ordered
SER,270,86.45,0.422951,Q13219,ordered
ASP,271,86.03,0.039735,Q13219,ordered
MET,272,84.89,0.017157,Q13219,ordered
GLU,273,76.66,0.500546,Q13219,ordered
THR,274,71.67,0.364384,Q13219,ordered
HIS,275,64.3,0.242268,Q13219,intermediate
GLY,276,56.37,0.211765,Q13219,intermediate
ALA,277,56.15,0.750442,Q13219,intermediate
HIS,278,56.51,0.237629,Q13219,intermediate
THR,279,57.92,0.810274,Q13219,intermediate
ALA,280,59.57,0.930088,Q13219,intermediate
LEU,281,74.45,0.43,Q13219,ordered
PRO,282,75.34,0.876224,Q13219,ordered
GLN,283,83.15,0.470899,Q13219,ordered
LEU,284,85.33,0.153333,Q13219,ordered
LEU,285,85.43,0.143333,Q13219,ordered
LEU,286,86.32,0.106111,Q13219,ordered
GLN,287,86.43,0.371958,Q13219,ordered
GLU,288,85.79,0.097814,Q13219,ordered
ASN,289,79.24,0.566456,Q13219,ordered
TRP,290,85.11,0.009653,Q13219,ordered
ASP,291,79.17,0.619868,Q13219,ordered
ASN,292,78.31,0.609494,Q13219,ordered
VAL,293,82.51,0.15,Q13219,ordered
LYS,294,79.49,0.71327,Q13219,ordered
HIS,295,82.52,0.783505,Q13219,ordered
ALA,296,83.11,0.125664,Q13219,ordered
TRP,297,89.7,0.010425,Q13219,ordered
SER,298,88.39,0.207377,Q13219,ordered
PRO,299,86.28,0.381119,Q13219,ordered
MET,300,78.75,0.272059,Q13219,ordered
LYS,301,67.61,0.879147,Q13219,intermediate
ASP,302,66.86,1.036424,Q13219,intermediate
GLY,303,67.25,0.336471,Q13219,intermediate
SER,304,79.4,0.463115,Q13219,ordered
SER,305,83.65,0.539344,Q13219,ordered
PRO,306,89.69,0.108392,Q13219,ordered
LYS,307,87.91,0.399526,Q13219,ordered
VAL,308,87.18,0.4175,Q13219,ordered
GLU,309,80.53,0.342623,Q13219,ordered
PHE,310,75.01,0.654128,Q13219,ordered
SER,311,66.13,0.140984,Q13219,intermediate
ASN,312,55.19,0.879114,Q13219,intermediate
ALA,313,45.69,0.413274,Q13219,intermediate
HIS,314,47.07,0.239175,Q13219,intermediate
GLY,315,44.54,0.532941,Q13219,intermediate
PHE,316,48.75,0.333486,Q13219,intermediate
LEU,317,54.24,0.686111,Q13219,intermediate
LEU,318,55.54,0.043889,Q13219,intermediate
ASP,319,63.34,0.229801,Q13219,intermediate
THR,320,65.87,0.387671,Q13219,intermediate
SER,321,67.21,0.298361,Q13219,intermediate
LEU,322,76.27,0.205556,Q13219,ordered
GLU,323,72.98,0.598361,Q13219,ordered
PRO,324,83.06,0.344056,Q13219,ordered
PRO,325,81.93,0.154545,Q13219,ordered
LEU,326,77.74,0.762778,Q13219,ordered
CYS,327,85.11,0.060714,Q13219,ordered
GLY,328,86.78,0.114118,Q13219,ordered
GLN,329,83.23,0.480952,Q13219,ordered
THR,330,88.26,0.142466,Q13219,ordered
LEU,331,88.41,0.231111,Q13219,ordered
CYS,332,93.2,0.0,Q13219,ordered
ASP,333,92.45,0.009934,Q13219,ordered
ASN,334,91.98,0.087342,Q13219,ordered
THR,335,90.13,0.268493,Q13219,ordered
GLU,336,89.91,0.212022,Q13219,ordered
VAL,337,93.23,0.00125,Q13219,ordered
ILE,338,94.18,0.018681,Q13219,ordered
ALA,339,92.11,0.20708,Q13219,ordered
SER,340,94.28,0.118033,Q13219,ordered
TYR,341,95.4,0.000873,Q13219,ordered
ASN,342,93.34,0.191772,Q13219,ordered
GLN,343,92.53,0.802646,Q13219,ordered
LEU,344,93.37,0.281111,Q13219,ordered
SER,345,91.27,0.681967,Q13219,ordered
SER,346,90.96,0.227049,Q13219,ordered
PHE,347,93.47,0.01789,Q13219,ordered
ARG,348,93.09,0.218672,Q13219,ordered
GLN,349,90.2,0.448148,Q13219,ordered
PRO,350,93.3,0.697203,Q13219,ordered
LYS,351,93.58,0.077251,Q13219,ordered
VAL,352,94.95,0.3925,Q13219,ordered
VAL,353,95.7,0.00125,Q13219,ordered
ARG,354,95.82,0.224481,Q13219,ordered
TYR,355,96.85,0.001747,Q13219,ordered
ARG,356,96.5,0.159751,Q13219,ordered
VAL,357,97.25,0.0,Q13219,ordered
VAL,358,96.06,0.0275,Q13219,ordered
ASN,359,95.41,0.020253,Q13219,ordered
LEU,360,94.49,0.053889,Q13219,ordered
TYR,361,94.23,0.09738,Q13219,ordered
GLU,362,92.84,0.151366,Q13219,ordered
ASP,363,91.34,0.682781,Q13219,ordered
ASP,364,91.28,0.547682,Q13219,ordered
HIS,365,89.82,0.454639,Q13219,ordered
LYS,366,89.87,0.564455,Q13219,ordered
ASN,367,89.79,0.552532,Q13219,ordered
PRO,368,93.62,0.281818,Q13219,ordered
THR,369,92.49,0.238356,Q13219,ordered
VAL,370,94.0,0.00375,Q13219,ordered
THR,371,94.72,0.421233,Q13219,ordered
ARG,372,92.71,0.475519,Q13219,ordered
GLU,373,94.4,0.830055,Q13219,ordered
GLN,374,95.58,0.153439,Q13219,ordered
VAL,375,95.98,0.008125,Q13219,ordered
ASP,376,96.28,0.46755,Q13219,ordered
PHE,377,96.36,0.362844,Q13219,ordered
GLN,378,96.72,0.005291,Q13219,ordered
HIS,379,97.18,0.242268,Q13219,ordered
HIS,380,96.35,0.534536,Q13219,ordered
GLN,381,95.25,0.287302,Q13219,ordered
LEU,382,96.0,0.0,Q13219,ordered
ALA,383,95.9,0.276106,Q13219,ordered
GLU,384,95.18,0.509836,Q13219,ordered
ALA,385,95.29,0.092035,Q13219,ordered
PHE,386,97.08,0.0,Q13219,ordered
LYS,387,94.48,0.57346,Q13219,ordered
GLN,388,94.32,0.620106,Q13219,ordered
TYR,389,96.01,0.134934,Q13219,ordered
ASN,390,96.07,0.407595,Q13219,ordered
ILE,391,96.5,0.002198,Q13219,ordered
SER,392,96.42,0.445082,Q13219,ordered
TRP,393,96.0,0.080309,Q13219,ordered
GLU,394,96.14,0.474317,Q13219,ordered
LEU,395,96.61,0.246111,Q13219,ordered
ASP,396,95.99,0.383444,Q13219,ordered
VAL,397,96.49,0.225625,Q13219,ordered
LEU,398,95.79,0.299444,Q13219,ordered
GLU,399,95.13,0.461749,Q13219,ordered
VAL,400,93.88,0.1775,Q13219,ordered
SER,401,94.46,0.437705,Q13219,ordered
ASN,402,92.77,0.317722,Q13219,ordered
SER,403,90.19,0.172131,Q13219,ordered
SER,404,87.66,0.486066,Q13219,ordered
LEU,405,89.6,0.066667,Q13219,ordered
ARG,406,91.07,0.282988,Q13219,ordered
ARG,407,89.83,0.553942,Q13219,ordered
ARG,408,89.92,0.16888,Q13219,ordered
LEU,409,88.37,0.092778,Q13219,ordered
ILE,410,88.94,0.078571,Q13219,ordered
LEU,411,86.05,0.013333,Q13219,ordered
ALA,412,80.29,0.076106,Q13219,ordered
ASN,413,74.72,0.660759,Q13219,ordered
CYS,414,77.67,0.050714,Q13219,ordered
ASP,415,71.66,0.184106,Q13219,ordered
ILE,416,77.61,0.086264,Q13219,ordered
SER,417,69.54,0.335246,Q13219,intermediate
LYS,418,76.58,0.250711,Q13219,ordered
ILE,419,82.02,0.034066,Q13219,ordered
GLY,420,78.66,0.197647,Q13219,ordered
ASP,421,73.86,0.475497,Q13219,ordered
GLU,422,76.75,0.939891,Q13219,ordered
ASN,423,78.1,0.515823,Q13219,ordered
CYS,424,83.16,0.441429,Q13219,ordered
ASP,425,81.62,0.084106,Q13219,ordered
PRO,426,81.14,0.497902,Q13219,ordered
GLU,427,79.89,0.246448,Q13219,ordered
CYS,428,85.63,0.0,Q13219,ordered
ASN,429,87.18,0.401266,Q13219,ordered
HIS,430,86.65,0.229897,Q13219,ordered
THR,431,87.13,0.614384,Q13219,ordered
LEU,432,88.7,0.238333,Q13219,ordered
THR,433,88.13,0.0,Q13219,ordered
GLY,434,87.25,0.014118,Q13219,ordered
HIS,435,88.01,0.228866,Q13219,ordered
ASP,436,88.23,0.0,Q13219,ordered
GLY,437,87.15,0.023529,Q13219,ordered
GLY,438,86.38,0.088235,Q13219,ordered
ASP,439,85.25,0.283444,Q13219,ordered
CYS,440,86.19,0.201429,Q13219,ordered
ARG,441,80.2,0.424066,Q13219,ordered
HIS,442,68.78,0.990206,Q13219,intermediate
LEU,443,58.05,0.551111,Q13219,intermediate
ARG,444,49.81,0.916598,Q13219,intermediate
HIS,445,48.24,0.904124,Q13219,intermediate
PRO,446,52.78,0.846154,Q13219,intermediate
ALA,447,52.83,0.718584,Q13219,intermediate
PHE,448,58.49,0.277064,Q13219,intermediate
VAL,449,60.31,0.783125,Q13219,intermediate
LYS,450,67.43,0.916114,Q13219,intermediate
LYS,451,75.88,0.322275,Q13219,ordered
GLN,452,73.12,0.368783,Q13219,ordered
HIS,453,75.94,0.653608,Q13219,ordered
ASN,454,84.43,0.489241,Q13219,ordered
GLY,455,84.53,0.515294,Q13219,ordered
VAL,456,88.09,0.53875,Q13219,ordered
CYS,457,88.53,0.172857,Q13219,ordered
ASP,458,89.68,0.19404,Q13219,ordered
MET,459,86.73,0.387255,Q13219,ordered
ASP,460,84.32,0.455629,Q13219,ordered
CYS,461,85.14,0.0,Q13219,ordered
ASN,462,88.71,0.0,Q13219,ordered
TYR,463,85.67,0.084279,Q13219,ordered
GLU,464,82.48,0.41694,Q13219,ordered
ARG,465,80.24,0.765145,Q13219,ordered
PHE,466,82.96,0.160092,Q13219,ordered
ASN,467,83.43,0.611392,Q13219,ordered
PHE,468,87.61,0.012844,Q13219,ordered
ASP,469,88.83,0.0,Q13219,ordered
GLY,470,85.34,0.428235,Q13219,ordered
GLY,471,86.78,0.307059,Q13219,ordered
GLU,472,90.54,0.074317,Q13219,ordered
CYS,473,92.07,0.0,Q13219,ordered
CYS,474,91.42,0.087143,Q13219,ordered
ASP,475,90.8,0.331788,Q13219,ordered
PRO,476,88.51,0.546853,Q13219,ordered
GLU,477,89.96,0.942623,Q13219,ordered
ILE,478,88.48,0.384615,Q13219,ordered
THR,479,91.07,0.204795,Q13219,ordered
ASN,480,89.43,0.479747,Q13219,ordered
VAL,481,90.35,0.109375,Q13219,ordered
THR,482,86.64,0.211644,Q13219,ordered
GLN,483,87.91,0.616402,Q13219,ordered
THR,484,91.25,0.131507,Q13219,ordered
CYS,485,92.43,0.0,Q13219,ordered
PHE,486,91.42,0.032569,Q13219,ordered
ASP,487,88.69,0.196026,Q13219,ordered
PRO,488,83.34,0.187413,Q13219,ordered
ASP,489,82.78,0.934437,Q13219,ordered
SER,490,86.74,0.083607,Q13219,ordered
PRO,491,83.45,0.64965,Q13219,ordered
HIS,492,87.18,0.395876,Q13219,ordered
ARG,493,89.75,0.101245,Q13219,ordered
ALA,494,90.03,0.0,Q13219,ordered
TYR,495,90.19,0.0,Q13219,ordered
LEU,496,87.68,0.015556,Q13219,ordered
ASP,497,84.1,0.148344,Q13219,ordered
VAL,498,85.85,0.110625,Q13219,ordered
ASN,499,78.8,0.160759,Q13219,ordered
GLU,500,84.72,0.242077,Q13219,ordered
LEU,501,88.15,0.021111,Q13219,ordered
LYS,502,89.7,0.048815,Q13219,ordered
ASN,503,84.68,0.33481,Q13219,ordered
ILE,504,89.01,0.516484,Q13219,ordered
LEU,505,90.88,0.177778,Q13219,ordered
LYS,506,87.44,0.682464,Q13219,ordered
LEU,507,89.16,0.106111,Q13219,ordered
ASP,508,82.81,0.498675,Q13219,ordered
GLY,509,86.34,0.017647,Q13219,ordered
SER,510,84.34,0.202459,Q13219,ordered
THR,511,87.89,0.221918,Q13219,ordered
HIS,512,93.12,0.106186,Q13219,ordered
LEU,513,95.73,0.026667,Q13219,ordered
ASN,514,95.89,0.007595,Q13219,ordered
ILE,515,96.27,0.0,Q13219,ordered
PHE,516,95.05,0.012385,Q13219,ordered
PHE,517,93.95,0.057798,Q13219,ordered
ALA,518,89.41,0.047788,Q13219,ordered
LYS,519,83.61,0.472512,Q13219,ordered
SER,520,73.4,0.222131,Q13219,ordered
SER,521,67.24,0.288525,Q13219,intermediate
GLU,522,60.58,0.580874,Q13219,intermediate
GLU,523,54.08,0.938251,Q13219,intermediate
GLU,524,61.73,0.84918,Q13219,intermediate
LEU,525,69.55,0.281667,Q13219,intermediate
ALA,526,81.09,0.252212,Q13219,ordered
GLY,527,86.59,0.152941,Q13219,ordered
VAL,528,88.95,0.31375,Q13219,ordered
ALA,529,91.03,0.023009,Q13219,ordered
THR,530,89.76,0.063014,Q13219,ordered
TRP,531,91.14,0.141699,Q13219,ordered
PRO,532,90.08,0.056643,Q13219,ordered
TRP,533,84.2,0.172201,Q13219,ordered
ASP,534,77.27,0.060927,Q13219,ordered
LYS,535,71.14,0.027488,Q13219,ordered
GLU,536,74.51,0.02459,Q13219,ordered
ALA,537,82.91,0.052212,Q13219,ordered
LEU,538,83.27,0.257222,Q13219,ordered
MET,539,78.35,0.177941,Q13219,ordered
HIS,540,80.21,0.1,Q13219,ordered
LEU,541,83.17,0.018333,Q13219,ordered
GLY,542,87.66,0.024706,Q13219,ordered
GLY,543,92.72,0.058824,Q13219,ordered
ILE,544,94.7,0.0,Q13219,ordered
VAL,545,92.8,0.11,Q13219,ordered
LEU,546,93.41,0.033333,Q13219,ordered
ASN,547,90.85,0.129747,Q13219,ordered
PRO,548,90.97,0.145455,Q13219,ordered
SER,549,88.45,0.578689,Q13219,ordered
PHE,550,88.3,0.231651,Q13219,ordered
TYR,551,93.26,0.020961,Q13219,ordered
GLY,552,92.34,0.074118,Q13219,ordered
MET,553,91.08,0.367157,Q13219,ordered
PRO,554,88.22,0.722378,Q13219,ordered
GLY,555,87.91,0.488235,Q13219,ordered
HIS,556,89.44,0.40567,Q13219,ordered
THR,557,92.31,0.056164,Q13219,ordered
HIS,558,94.18,0.164948,Q13219,ordered
THR,559,92.52,0.189726,Q13219,ordered
MET,560,94.63,0.011275,Q13219,ordered
ILE,561,96.16,0.006593,Q13219,ordered
HIS,562,95.5,0.090722,Q13219,ordered
GLU,563,96.16,0.071038,Q13219,ordered
ILE,564,96.83,0.0,Q13219,ordered
GLY,565,96.97,0.0,Q13219,ordered
HIS,566,96.21,0.054124,Q13219,ordered
SER,567,95.34,0.008197,Q13219,ordered
LEU,568,96.36,0.003333,Q13219,ordered
GLY,569,94.28,0.0,Q13219,ordered
LEU,570,96.86,0.008333,Q13219,ordered
TYR,571,94.65,0.093013,Q13219,ordered
HIS,572,94.3,0.087629,Q13219,ordered
VAL,573,93.22,0.02375,Q13219,ordered
PHE,574,90.49,0.023853,Q13219,ordered
ARG,575,89.02,0.215353,Q13219,ordered
GLY,576,84.0,0.002353,Q13219,ordered
ILE,577,84.33,0.066484,Q13219,ordered
SER,578,81.79,0.452459,Q13219,ordered
GLU,579,81.74,0.351913,Q13219,ordered
ILE,580,72.04,0.171978,Q13219,ordered
GLN,581,64.28,0.581481,Q13219,intermediate
SER,582,62.89,0.170492,Q13219,intermediate
CYS,583,65.34,0.032143,Q13219,intermediate
SER,584,61.42,0.237705,Q13219,intermediate
ASP,585,69.72,0.158278,Q13219,intermediate
PRO,586,72.34,0.505594,Q13219,ordered
CYS,587,84.97,0.076429,Q13219,ordered
MET,588,84.49,0.079412,Q13219,ordered
GLU,589,85.53,0.001093,Q13219,ordered
THR,590,82.14,0.602055,Q13219,ordered
GLU,591,84.3,0.682514,Q13219,ordered
PRO,592,90.74,0.279021,Q13219,ordered
SER,593,90.4,0.179508,Q13219,ordered
PHE,594,91.17,0.216514,Q13219,ordered
GLU,595,88.22,0.563388,Q13219,ordered
THR,596,89.46,0.20274,Q13219,ordered
GLY,597,90.22,0.031765,Q13219,ordered
ASP,598,92.68,0.012583,Q13219,ordered
LEU,599,94.16,0.010556,Q13219,ordered
CYS,600,94.9,0.012143,Q13219,ordered
ASN,601,93.54,0.506329,Q13219,ordered
ASP,602,94.67,0.386755,Q13219,ordered
THR,603,93.78,0.003425,Q13219,ordered
ASN,604,92.3,0.335443,Q13219,ordered
PRO,605,89.76,0.106993,Q13219,ordered
ALA,606,87.43,0.047788,Q13219,ordered
PRO,607,86.44,0.186713,Q13219,ordered
LYS,608,85.01,0.546919,Q13219,ordered
HIS,609,85.24,0.271649,Q13219,ordered
LYS,610,85.63,0.552133,Q13219,ordered
SER,611,85.37,0.532787,Q13219,ordered
CYS,612,88.58,0.507143,Q13219,ordered
GLY,613,87.55,0.190588,Q13219,ordered
ASP,614,87.69,0.431126,Q13219,ordered
PRO,615,83.21,0.116783,Q13219,ordered
GLY,616,74.39,0.631765,Q13219,ordered
PRO,617,64.8,0.848951,Q13219,intermediate
GLY,618,55.68,0.674118,Q13219,intermediate
ASN,619,52.75,1.059494,Q13219,intermediate
ASP,620,54.48,0.307947,Q13219,intermediate
THR,621,58.04,0.608219,Q13219,intermediate
CYS,622,63.62,0.195714,Q13219,intermediate
GLY,623,58.84,0.597647,Q13219,intermediate
PHE,624,59.82,0.226147,Q13219,intermediate
HIS,625,59.31,0.837113,Q13219,intermediate
SER,626,72.09,0.454098,Q13219,ordered
PHE,627,81.9,0.099541,Q13219,ordered
PHE,628,83.44,0.657798,Q13219,ordered
ASN,629,87.35,0.766456,Q13219,ordered
THR,630,89.75,0.081507,Q13219,ordered
PRO,631,92.19,0.097902,Q13219,ordered
TYR,632,91.56,0.345852,Q13219,ordered
ASN,633,94.08,0.358228,Q13219,ordered
ASN,634,95.69,0.01962,Q13219,ordered
PHE,635,95.95,0.047248,Q13219,ordered
MET,636,95.74,0.0,Q13219,ordered
SER,637,93.4,0.082787,Q13219,ordered
TYR,638,89.9,0.348035,Q13219,ordered
ALA,639,89.35,0.110619,Q13219,ordered
ASP,640,86.89,0.633113,Q13219,ordered
ASP,641,88.94,0.180132,Q13219,ordered
ASP,642,87.02,0.991391,Q13219,ordered
CYS,643,88.99,0.192857,Q13219,ordered
THR,644,93.89,0.063699,Q13219,ordered
ASP,645,94.08,0.589404,Q13219,ordered
SER,646,95.36,0.247541,Q13219,ordered
PHE,647,97.47,0.050459,Q13219,ordered
THR,648,95.96,0.130137,Q13219,ordered
PRO,649,95.18,0.569231,Q13219,ordered
ASN,650,96.13,0.093671,Q13219,ordered
GLN,651,97.24,0.00582,Q13219,ordered
VAL,652,97.12,0.05625,Q13219,ordered
ALA,653,96.54,0.0,Q13219,ordered
ARG,654,96.14,0.009544,Q13219,ordered
MET,655,97.14,0.0,Q13219,ordered
HIS,656,96.63,0.0,Q13219,ordered
CYS,657,95.9,0.0,Q13219,ordered
TYR,658,95.25,0.0,Q13219,ordered
LEU,659,94.06,0.0,Q13219,ordered
ASP,660,91.77,0.129801,Q13219,ordered
LEU,661,90.68,0.228889,Q13219,ordered
VAL,662,88.11,0.155625,Q13219,ordered
TYR,663,91.11,0.010044,Q13219,ordered
GLN,664,86.3,0.132804,Q13219,ordered
GLY,665,84.76,0.156471,Q13219,ordered
TRP,666,92.32,0.010039,Q13219,ordered
GLN,667,90.69,0.116931,Q13219,ordered
PRO,668,82.98,0.567133,Q13219,ordered
SER,669,73.48,0.628689,Q13219,ordered
ARG,670,70.31,0.541909,Q13219,ordered
LYS,671,81.57,0.46872,Q13219,ordered
PRO,672,86.28,0.113287,Q13219,ordered
ALA,673,89.11,0.041593,Q13219,ordered
PRO,674,91.48,0.058042,Q13219,ordered
VAL,675,92.45,0.001875,Q13219,ordered
ALA,676,92.54,0.046903,Q13219,ordered
LEU,677,92.3,0.046667,Q13219,ordered
ALA,678,91.99,0.209735,Q13219,ordered
PRO,679,92.24,0.015385,Q13219,ordered
GLN,680,89.14,0.131746,Q13219,ordered
VAL,681,89.88,0.058125,Q13219,ordered
LEU,682,83.91,0.257778,Q13219,ordered
GLY,683,85.57,0.2,Q13219,ordered
HIS,684,88.61,0.368041,Q13219,ordered
THR,685,87.21,0.523288,Q13219,ordered
THR,686,84.6,0.772603,Q13219,ordered
ASP,687,86.11,0.678808,Q13219,ordered
SER,688,90.51,0.133607,Q13219,ordered
VAL,689,91.26,0.0,Q13219,ordered
THR,690,89.1,0.168493,Q13219,ordered
LEU,691,89.63,0.011111,Q13219,ordered
GLU,692,88.03,0.039344,Q13219,ordered
TRP,693,88.6,0.003861,Q13219,ordered
PHE,694,88.42,0.011927,Q13219,ordered
PRO,695,86.4,0.19021,Q13219,ordered
PRO,696,88.83,0.01958,Q13219,ordered
ILE,697,87.96,0.036813,Q13219,ordered
ASP,698,82.59,0.213907,Q13219,ordered
GLY,699,79.35,0.305882,Q13219,ordered
HIS,700,77.07,0.279897,Q13219,ordered
PHE,701,77.19,0.162385,Q13219,ordered
PHE,702,79.34,0.074771,Q13219,ordered
GLU,703,77.19,0.15082,Q13219,ordered
ARG,704,71.09,0.343568,Q13219,ordered
GLU,705,67.08,0.577596,Q13219,intermediate
LEU,706,61.19,0.539444,Q13219,intermediate
GLY,707,64.1,0.945882,Q13219,intermediate
SER,708,76.65,0.188525,Q13219,ordered
ALA,709,84.12,0.077876,Q13219,ordered
CYS,710,84.46,0.065,Q13219,ordered
HIS,711,77.71,0.409794,Q13219,ordered
LEU,712,84.79,0.211667,Q13219,ordered
CYS,713,88.15,0.007143,Q13219,ordered
LEU,714,82.98,0.412222,Q13219,ordered
GLU,715,75.73,0.460109,Q13219,ordered
GLY,716,77.37,0.511765,Q13219,ordered
ARG,717,86.35,0.352697,Q13219,ordered
ILE,718,88.28,0.214835,Q13219,ordered
LEU,719,92.18,0.0,Q13219,ordered
VAL,720,92.0,0.1575,Q13219,ordered
GLN,721,92.51,0.020106,Q13219,ordered
TYR,722,92.64,0.337118,Q13219,ordered
ALA,723,93.36,0.044248,Q13219,ordered
SER,724,87.2,0.277049,Q13219,ordered
ASN,725,90.44,0.458861,Q13219,ordered
ALA,726,92.67,0.138053,Q13219,ordered
SER,727,92.0,0.456557,Q13219,ordered
SER,728,90.38,0.234426,Q13219,ordered
PRO,729,84.16,0.558042,Q13219,ordered
MET,730,80.66,0.092647,Q13219,ordered
PRO,731,67.03,0.416783,Q13219,intermediate
CYS,732,66.26,0.264286,Q13219,intermediate
SER,733,59.86,0.185246,Q13219,intermediate
PRO,734,49.8,0.611189,Q13219,intermediate
SER,735,52.27,0.066393,Q13219,intermediate
GLY,736,63.59,0.0,Q13219,intermediate
HIS,737,68.09,0.125773,Q13219,intermediate
TRP,738,78.91,0.209266,Q13219,ordered
SER,739,82.86,0.0,Q13219,ordered
PRO,740,88.45,0.04965,Q13219,ordered
ARG,741,81.15,0.265145,Q13219,ordered
GLU,742,85.33,0.100546,Q13219,ordered
ALA,743,91.1,0.0,Q13219,ordered
GLU,744,87.59,0.021311,Q13219,ordered
GLY,745,82.88,0.090588,Q13219,ordered
HIS,746,81.97,0.234536,Q13219,ordered
PRO,747,85.62,0.304196,Q13219,ordered
ASP,748,75.13,0.135762,Q13219,ordered
VAL,749,78.9,0.138125,Q13219,ordered
GLU,750,67.12,0.723497,Q13219,intermediate
GLN,751,69.28,0.415873,Q13219,intermediate
PRO,752,76.07,0.358042,Q13219,ordered
CYS,753,78.42,0.102857,Q13219,ordered
LYS,754,69.68,0.353081,Q13219,intermediate
SER,755,74.28,0.608197,Q13219,ordered
SER,756,77.48,0.143443,Q13219,ordered
VAL,757,76.01,0.343125,Q13219,ordered
ARG,758,76.63,0.204149,Q13219,ordered
THR,759,87.8,0.0,Q13219,ordered
TRP,760,91.6,0.007336,Q13219,ordered
SER,761,90.14,0.014754,Q13219,ordered
PRO,762,85.19,0.0,Q13219,ordered
ASN,763,76.37,0.098101,Q13219,ordered
SER,764,69.1,0.267213,Q13219,intermediate
ALA,765,62.68,0.109735,Q13219,intermediate
VAL,766,63.01,0.175,Q13219,intermediate
ASN,767,56.02,0.517722,Q13219,intermediate
PRO,768,53.78,0.675524,Q13219,intermediate
HIS,769,52.58,0.821649,Q13219,intermediate
THR,770,54.01,0.469178,Q13219,intermediate
VAL,771,56.49,0.35,Q13219,intermediate
PRO,772,64.86,0.202797,Q13219,intermediate
PRO,773,66.15,0.418182,Q13219,intermediate
ALA,774,67.75,0.463717,Q13219,intermediate
CYS,775,78.35,0.090714,Q13219,ordered
PRO,776,76.58,0.544755,Q13219,ordered
GLU,777,71.4,0.905464,Q13219,ordered
PRO,778,70.86,0.795105,Q13219,ordered
GLN,779,72.96,0.633333,Q13219,ordered
GLY,780,83.78,0.067059,Q13219,ordered
CYS,781,88.99,0.007143,Q13219,ordered
TYR,782,92.61,0.277293,Q13219,ordered
LEU,783,95.28,0.0,Q13219,ordered
GLU,784,97.08,0.184699,Q13219,ordered
LEU,785,97.28,0.0,Q13219,ordered
GLU,786,96.64,0.321858,Q13219,ordered
PHE,787,95.15,0.056422,Q13219,ordered
LEU,788,90.9,0.411111,Q13219,ordered
TYR,789,93.02,0.200873,Q13219,ordered
PRO,790,94.18,0.374126,Q13219,ordered
LEU,791,93.51,0.018333,Q13219,ordered
VAL,792,94.13,0.32,Q13219,ordered
PRO,793,94.25,0.018881,Q13219,ordered
GLU,794,92.14,0.220765,Q13219,ordered
SER,795,93.28,0.181967,Q13219,ordered
LEU,796,95.36,0.0,Q13219,ordered
THR,797,95.32,0.073973,Q13219,ordered
ILE,798,95.66,0.012088,Q13219,ordered
TRP,799,93.61,0.192278,Q13219,ordered
VAL,800,91.14,0.0275,Q13219,ordered
THR,801,86.77,0.037671,Q13219,ordered
PHE,802,85.85,0.27156,Q13219,ordered
VAL,803,80.75,0.16625,Q13219,ordered
SER,804,74.49,0.159836,Q13219,ordered
THR,805,64.5,0.679452,Q13219,intermediate
ASP,806,58.01,0.887417,Q13219,intermediate
TRP,807,54.26,0.257143,Q13219,intermediate
ASP,808,54.48,0.542384,Q13219,intermediate
SER,809,50.12,0.759836,Q13219,intermediate
SER,810,51.43,0.590164,Q13219,intermediate
GLY,811,63.58,0.1,Q13219,intermediate
ALA,812,75.2,0.024779,Q13219,ordered
VAL,813,87.29,0.0125,Q13219,ordered
ASN,814,87.66,0.25,Q13219,ordered
ASP,815,91.3,0.160927,Q13219,ordered
ILE,816,94.18,0.001099,Q13219,ordered
LYS,817,94.73,0.204739,Q13219,ordered
LEU,818,95.81,0.002778,Q13219,ordered
LEU,819,95.91,0.033889,Q13219,ordered
ALA,820,94.81,0.019469,Q13219,ordered
VAL,821,93.02,0.551875,Q13219,ordered
SER,822,91.34,0.705738,Q13219,ordered
GLY,823,89.82,0.74,Q13219,ordered
LYS,824,91.33,0.490995,Q13219,ordered
ASN,825,91.13,0.557595,Q13219,ordered
ILE,826,92.13,0.19011,Q13219,ordered
SER,827,92.24,0.572131,Q13219,ordered
LEU,828,89.28,0.115,Q13219,ordered
GLY,829,86.47,0.158824,Q13219,ordered
PRO,830,86.74,0.665734,Q13219,ordered
GLN,831,86.11,0.068783,Q13219,ordered
ASN,832,83.2,0.300633,Q13219,ordered
VAL,833,83.03,0.15,Q13219,ordered
PHE,834,82.02,0.062385,Q13219,ordered
CYS,835,80.1,0.138571,Q13219,ordered
ASP,836,79.4,0.380132,Q13219,ordered
VAL,837,87.1,0.04,Q13219,ordered
PRO,838,90.74,0.181818,Q13219,ordered
LEU,839,92.34,0.01,Q13219,ordered
THR,840,92.29,0.186986,Q13219,ordered
ILE,841,90.77,0.026923,Q13219,ordered
ARG,842,89.05,0.253527,Q13219,ordered
LEU,843,89.53,0.048333,Q13219,ordered
TRP,844,75.02,0.299228,Q13219,ordered
ASP,845,72.01,0.94702,Q13219,ordered
VAL,846,83.64,0.085625,Q13219,ordered
GLY,847,82.68,0.869412,Q13219,ordered
GLU,848,89.39,0.193443,Q13219,ordered
GLU,849,93.88,0.510383,Q13219,ordered
VAL,850,95.56,0.0,Q13219,ordered
TYR,851,95.9,0.328821,Q13219,ordered
GLY,852,96.86,0.0,Q13219,ordered
ILE,853,97.33,0.0,Q13219,ordered
GLN,854,96.4,0.119048,Q13219,ordered
ILE,855,95.5,0.004396,Q13219,ordered
TYR,856,93.3,0.082969,Q13219,ordered
THR,857,89.78,0.0,Q13219,ordered
LEU,858,84.45,0.246111,Q13219,ordered
ASP,859,83.72,0.008609,Q13219,ordered
GLU,860,79.06,0.263388,Q13219,ordered
HIS,861,81.32,0.469072,Q13219,ordered
LEU,862,88.8,0.0,Q13219,ordered
GLU,863,91.01,0.004372,Q13219,ordered
ILE,864,93.94,0.001099,Q13219,ordered
ASP,865,92.1,0.015232,Q13219,ordered
ALA,866,93.02,0.0,Q13219,ordered
ALA,867,96.4,0.0,Q13219,ordered
MET,868,95.71,0.144608,Q13219,ordered
LEU,869,95.11,0.0,Q13219,ordered
THR,870,93.68,0.145205,Q13219,ordered
SER,871,93.62,0.001639,Q13219,ordered
THR,872,89.99,0.379452,Q13219,ordered
ALA,873,85.98,0.515044,Q13219,ordered
ASP,874,86.35,0.54702,Q13219,ordered
THR,875,89.59,0.075342,Q13219,ordered
PRO,876,87.75,0.654545,Q13219,ordered
LEU,877,88.06,0.326111,Q13219,ordered
CYS,878,89.21,0.0,Q13219,ordered
LEU,879,85.76,0.510556,Q13219,ordered
GLN,880,83.55,0.843386,Q13219,ordered
CYS,881,86.54,0.049286,Q13219,ordered
LYS,882,85.25,0.546445,Q13219,ordered
PRO,883,82.42,0.311189,Q13219,ordered
LEU,884,84.59,0.063333,Q13219,ordered
LYS,885,86.59,0.312796,Q13219,ordered
TYR,886,88.18,0.014847,Q13219,ordered
LYS,887,88.9,0.24218,Q13219,ordered
VAL,888,89.2,0.0925,Q13219,ordered
VAL,889,90.15,0.271875,Q13219,ordered
ARG,890,90.14,0.078008,Q13219,ordered
ASP,891,92.35,0.503974,Q13219,ordered
PRO,892,91.89,0.455245,Q13219,ordered
PRO,893,87.22,0.675524,Q13219,ordered
LEU,894,82.61,0.21,Q13219,ordered
GLN,895,73.29,0.848677,Q13219,ordered
MET,896,61.6,0.726471,Q13219,intermediate
ASP,897,53.3,0.909272,Q13219,intermediate
VAL,898,47.95,0.24,Q13219,intermediate
ALA,899,45.58,0.568142,Q13219,intermediate
SER,900,49.8,0.706557,Q13219,intermediate
ILE,901,51.84,0.483516,Q13219,intermediate
LEU,902,54.33,0.447222,Q13219,intermediate
HIS,903,58.2,0.17268,Q13219,intermediate
LEU,904,59.79,0.600556,Q13219,intermediate
ASN,905,72.53,0.618987,Q13219,ordered
ARG,906,84.46,0.117427,Q13219,ordered
LYS,907,84.31,0.503791,Q13219,ordered
PHE,908,87.12,0.062844,Q13219,ordered
VAL,909,87.65,0.4325,Q13219,ordered
ASP,910,88.61,0.015894,Q13219,ordered
MET,911,88.13,0.729902,Q13219,ordered
ASP,912,87.17,0.239735,Q13219,ordered
LEU,913,88.33,0.138889,Q13219,ordered
ASN,914,89.29,0.582278,Q13219,ordered
LEU,915,88.28,0.793889,Q13219,ordered
GLY,916,88.86,0.64,Q13219,ordered
SER,917,92.93,0.321311,Q13219,ordered
VAL,918,93.27,0.481875,Q13219,ordered
TYR,919,93.38,0.054585,Q13219,ordered
GLN,920,94.54,0.322751,Q13219,ordered
TYR,921,93.92,0.002183,Q13219,ordered
TRP,922,92.39,0.240927,Q13219,ordered
VAL,923,92.39,0.0075,Q13219,ordered
ILE,924,91.98,0.097253,Q13219,ordered
THR,925,90.31,0.002055,Q13219,ordered
ILE,926,88.64,0.107143,Q13219,ordered
SER,927,85.05,0.222131,Q13219,ordered
GLY,928,80.37,0.538824,Q13219,ordered
THR,929,80.64,0.891096,Q13219,ordered
GLU,930,86.07,0.464481,Q13219,ordered
GLU,931,89.64,0.418033,Q13219,ordered
SER,932,90.16,0.068852,Q13219,ordered
GLU,933,91.65,0.251366,Q13219,ordered
PRO,934,93.21,0.337063,Q13219,ordered
SER,935,94.57,0.064754,Q13219,ordered
PRO,936,94.61,0.160839,Q13219,ordered
ALA,937,93.89,0.457522,Q13219,ordered
VAL,938,92.86,0.136875,Q13219,ordered
THR,939,92.84,0.55,Q13219,ordered
TYR,940,92.04,0.023581,Q13219,ordered
ILE,941,92.5,0.400549,Q13219,ordered
HIS,942,92.23,0.021134,Q13219,ordered
GLY,943,86.75,0.529412,Q13219,ordered
SER,944,89.67,0.234426,Q13219,ordered
GLY,945,88.95,0.258824,Q13219,ordered
TYR,946,90.42,0.140611,Q13219,ordered
CYS,947,90.18,0.122143,Q13219,ordered
GLY,948,88.76,0.18,Q13219,ordered
ASP,949,88.79,0.249007,Q13219,ordered
GLY,950,89.82,0.064706,Q13219,ordered
ILE,951,91.85,0.482418,Q13219,ordered
ILE,952,92.66,0.220879,Q13219,ordered
GLN,953,92.76,0.081481,Q13219,ordered
LYS,954,89.79,0.782938,Q13219,ordered
ASP,955,85.77,0.927152,Q13219,ordered
GLN,956,84.22,0.578307,Q13219,ordered
GLY,957,87.24,0.536471,Q13219,ordered
GLU,958,94.45,0.081967,Q13219,ordered
GLN,959,94.37,0.546561,Q13219,ordered
CYS,960,94.94,0.0,Q13219,ordered
ASP,961,93.83,0.0,Q13219,ordered
ASP,962,90.12,0.028477,Q13219,ordered
MET,963,87.19,0.233333,Q13219,ordered
ASN,964,84.15,0.021519,Q13219,ordered
LYS,965,84.35,0.084834,Q13219,ordered
ILE,966,83.74,0.189011,Q13219,ordered
ASN,967,84.48,0.408228,Q13219,ordered
GLY,968,82.97,0.155294,Q13219,ordered
ASP,969,87.46,0.001325,Q13219,ordered
GLY,970,89.99,0.0,Q13219,ordered
CYS,971,92.77,0.001429,Q13219,ordered
SER,972,88.21,0.14918,Q13219,ordered
LEU,973,86.39,0.017778,Q13219,ordered
PHE,974,87.76,0.287156,Q13219,ordered
CYS,975,92.53,0.002143,Q13219,ordered
ARG,976,91.43,0.459336,Q13219,ordered
GLN,977,91.47,0.396825,Q13219,ordered
GLU,978,89.3,0.139891,Q13219,ordered
VAL,979,82.71,0.783125,Q13219,ordered
SER,980,83.87,0.304098,Q13219,ordered
PHE,981,90.51,0.020642,Q13219,ordered
ASN,982,92.41,0.160759,Q13219,ordered
CYS,983,93.73,0.164286,Q13219,ordered
ILE,984,90.95,0.383516,Q13219,ordered
ASP,985,89.13,0.492715,Q13219,ordered
GLU,986,88.22,0.525683,Q13219,ordered
PRO,987,90.35,0.176923,Q13219,ordered
SER,988,94.08,0.015574,Q13219,ordered
ARG,989,93.69,0.178008,Q13219,ordered
CYS,990,95.02,0.019286,Q13219,ordered
TYR,991,93.01,0.136245,Q13219,ordered
PHE,992,91.08,0.195413,Q13219,ordered
HIS,993,86.08,0.124227,Q13219,ordered
ASP,994,79.48,0.29404,Q13219,ordered
GLY,995,73.17,0.588235,Q13219,ordered
ASP,996,74.36,0.255629,Q13219,ordered
GLY,997,66.42,0.744706,Q13219,intermediate
VAL,998,72.63,0.51125,Q13219,ordered
CYS,999,72.17,0.437857,Q13219,ordered
GLU,1000,80.61,0.215301,Q13219,ordered
GLU,1001,78.04,0.865027,Q13219,ordered
PHE,1002,80.38,0.441284,Q13219,ordered
GLU,1003,80.37,0.0,Q13219,ordered
GLN,1004,76.03,0.442328,Q13219,ordered
LYS,1005,72.59,0.706635,Q13219,ordered
THR,1006,69.39,0.713699,Q13219,intermediate
SER,1007,73.43,0.02541,Q13219,ordered
ILE,1008,70.9,0.28022,Q13219,ordered
LYS,1009,68.95,0.488152,Q13219,intermediate
ASP,1010,68.9,0.182781,Q13219,intermediate
CYS,1011,74.23,0.271429,Q13219,ordered
GLY,1012,69.87,0.096471,Q13219,intermediate
VAL,1013,74.08,0.159375,Q13219,ordered
TYR,1014,78.26,0.327511,Q13219,ordered
THR,1015,79.85,0.354795,Q13219,ordered
PRO,1016,80.64,0.275524,Q13219,ordered
GLN,1017,77.79,0.942857,Q13219,ordered
GLY,1018,76.33,0.575294,Q13219,ordered
PHE,1019,83.2,0.305963,Q13219,ordered
LEU,1020,83.29,0.337222,Q13219,ordered
ASP,1021,86.62,0.187417,Q13219,ordered
GLN,1022,87.56,0.101058,Q13219,ordered
TRP,1023,90.31,0.186486,Q13219,ordered
ALA,1024,91.22,0.024779,Q13219,ordered
SER,1025,88.27,0.479508,Q13219,ordered
ASN,1026,89.62,0.55,Q13219,ordered
ALA,1027,91.45,0.215044,Q13219,ordered
SER,1028,91.44,0.279508,Q13219,ordered
VAL,1029,92.1,0.145,Q13219,ordered
SER,1030,88.17,0.295082,Q13219,ordered
HIS,1031,83.03,0.279381,Q13219,ordered
GLN,1032,77.46,0.562963,Q13219,ordered
ASP,1033,76.82,0.471523,Q13219,ordered
GLN,1034,73.57,0.945503,Q13219,ordered
GLN,1035,69.61,0.649206,Q13219,intermediate
CYS,1036,79.3,0.003571,Q13219,ordered
PRO,1037,84.33,0.09021,Q13219,ordered
GLY,1038,84.27,0.022353,Q13219,ordered
TRP,1039,83.69,0.609653,Q13219,ordered
VAL,1040,85.56,0.080625,Q13219,ordered
ILE,1041,87.61,0.0,Q13219,ordered
ILE,1042,86.38,0.32033,Q13219,ordered
GLY,1043,81.73,0.276471,Q13219,ordered
GLN,1044,79.36,0.626455,Q13219,ordered
PRO,1045,79.8,0.08951,Q13219,ordered
ALA,1046,68.2,0.334513,Q13219,intermediate
ALA,1047,62.69,0.292035,Q13219,intermediate
SER,1048,61.41,0.77541,Q13219,intermediate
GLN,1049,64.41,0.284656,Q13219,intermediate
VAL,1050,67.43,0.585,Q13219,intermediate
CYS,1051,77.77,0.121429,Q13219,intermediate
ARG,1052,74.43,0.394606,Q13219,intermediate
THR,1053,74.62,0.279452,Q13219,intermediate
LYS,1054,67.2,0.343128,Q13219,intermediate
VAL,1055,66.9,0.11,Q13219,intermediate
ILE,1056,59.88,0.605495,Q13219,intermediate
ASP,1057,63.9,0.625828,Q13219,intermediate
LEU,1058,67.0,0.037778,Q13219,intermediate
SER,1059,61.21,0.628689,Q13219,intermediate
GLU,1060,55.91,0.856831,Q13219,intermediate
GLY,1061,61.76,0.478824,Q13219,intermediate
ILE,1062,70.81,0.052198,Q13219,ordered
SER,1063,69.47,0.168033,Q13219,intermediate
GLN,1064,72.82,0.714815,Q13219,ordered
HIS,1065,79.6,0.312887,Q13219,ordered
ALA,1066,87.33,0.004425,Q13219,ordered
TRP,1067,89.83,0.0,Q13219,ordered
TYR,1068,87.3,0.087773,Q13219,ordered
PRO,1069,85.5,0.01958,Q13219,ordered
CYS,1070,77.86,0.286429,Q13219,ordered
THR,1071,73.74,0.434247,Q13219,ordered
ILE,1072,70.0,0.340659,Q13219,ordered
SER,1073,56.96,0.690984,Q13219,intermediate
TYR,1074,54.81,0.656769,Q13219,intermediate
PRO,1075,47.15,0.751748,Q13219,intermediate
TYR,1076,41.05,0.71441,Q13219,intermediate
SER,1077,48.5,0.89918,Q13219,intermediate
GLN,1078,45.98,0.959259,Q13219,intermediate
LEU,1079,46.26,0.686111,Q13219,intermediate
ALA,1080,48.39,0.739823,Q13219,intermediate
GLN,1081,56.4,0.993122,Q13219,intermediate
THR,1082,69.57,0.467123,Q13219,intermediate
THR,1083,83.42,0.602055,Q13219,ordered
PHE,1084,89.67,0.009174,Q13219,ordered
TRP,1085,92.45,0.271815,Q13219,ordered
LEU,1086,94.1,0.0,Q13219,ordered
ARG,1087,94.21,0.292116,Q13219,ordered
ALA,1088,94.52,0.0,Q13219,ordered
TYR,1089,93.52,0.29476,Q13219,ordered
PHE,1090,92.03,0.050459,Q13219,ordered
SER,1091,84.66,0.711475,Q13219,ordered
GLN,1092,82.3,0.52381,Q13219,ordered
PRO,1093,86.08,0.378322,Q13219,ordered
MET,1094,85.62,0.082843,Q13219,ordered
VAL,1095,87.5,0.055625,Q13219,ordered
ALA,1096,90.95,0.00885,Q13219,ordered
ALA,1097,88.92,0.161947,Q13219,ordered
ALA,1098,91.05,0.060177,Q13219,ordered
VAL,1099,92.76,0.0,Q13219,ordered
ILE,1100,91.02,0.0,Q13219,ordered
VAL,1101,92.0,0.0,Q13219,ordered
HIS,1102,89.75,0.021649,Q13219,ordered
LEU,1103,88.76,0.001667,Q13219,ordered
VAL,1104,85.71,0.0275,Q13219,ordered
THR,1105,85.43,0.004795,Q13219,ordered
ASP,1106,84.58,0.018543,Q13219,ordered
GLY,1107,81.96,0.045882,Q13219,ordered
THR,1108,74.1,0.078767,Q13219,ordered
TYR,1109,70.75,0.460262,Q13219,ordered
TYR,1110,60.58,0.60262,Q13219,intermediate
GLY,1111,55.41,0.834118,Q13219,intermediate
ASP,1112,55.22,0.493377,Q13219,intermediate
GLN,1113,54.11,0.907407,Q13219,intermediate
LYS,1114,62.21,0.580569,Q13219,intermediate
GLN,1115,68.37,0.142857,Q13219,intermediate
GLU,1116,81.62,0.116393,Q13219,ordered
THR,1117,84.47,0.330137,Q13219,ordered
ILE,1118,90.8,0.0,Q13219,ordered
SER,1119,91.01,0.19918,Q13219,ordered
VAL,1120,92.92,0.0,Q13219,ordered
GLN,1121,93.96,0.203175,Q13219,ordered
LEU,1122,92.94,0.0,Q13219,ordered
LEU,1123,92.74,0.072222,Q13219,ordered
ASP,1124,90.92,0.069536,Q13219,ordered
THR,1125,87.55,0.523288,Q13219,ordered
LYS,1126,86.86,0.74455,Q13219,ordered
ASP,1127,84.69,0.792053,Q13219,ordered
GLN,1128,88.78,0.544974,Q13219,ordered
SER,1129,90.05,0.539344,Q13219,ordered
HIS,1130,89.23,0.256186,Q13219,ordered
ASP,1131,88.05,0.671523,Q13219,ordered
LEU,1132,87.22,0.223889,Q13219,ordered
GLY,1133,84.1,0.287059,Q13219,ordered
LEU,1134,84.25,0.722222,Q13219,ordered
HIS,1135,84.09,0.207216,Q13219,ordered
VAL,1136,81.46,0.261875,Q13219,ordered
LEU,1137,84.66,0.002222,Q13219,ordered
SER,1138,76.82,0.032787,Q13219,ordered
CYS,1139,77.65,0.185,Q13219,ordered
ARG,1140,68.63,0.452697,Q13219,intermediate
ASN,1141,73.93,0.477848,Q13219,ordered
ASN,1142,81.08,0.158228,Q13219,ordered
PRO,1143,83.4,0.13007,Q13219,ordered
LEU,1144,87.22,0.110556,Q13219,ordered
ILE,1145,86.79,0.464286,Q13219,ordered
ILE,1146,89.0,0.009341,Q13219,ordered
PRO,1147,87.31,0.628671,Q13219,ordered
VAL,1148,86.93,0.10125,Q13219,ordered
VAL,1149,82.49,0.820625,Q13219,ordered
HIS,1150,79.7,0.196392,Q13219,ordered
ASP,1151,78.51,0.608609,Q13219,ordered
LEU,1152,76.76,0.810556,Q13219,ordered
SER,1153,78.27,0.761475,Q13219,ordered
GLN,1154,79.71,0.600529,Q13219,ordered
PRO,1155,78.08,0.725175,Q13219,ordered
PHE,1156,84.33,0.323853,Q13219,ordered
TYR,1157,87.09,0.174672,Q13219,ordered
HIS,1158,89.34,0.207732,Q13219,ordered
SER,1159,90.91,0.001639,Q13219,ordered
GLN,1160,92.88,0.377778,Q13219,ordered
ALA,1161,94.41,0.015044,Q13219,ordered
VAL,1162,95.55,0.0,Q13219,ordered
ARG,1163,94.87,0.273029,Q13219,ordered
VAL,1164,94.76,0.0,Q13219,ordered
SER,1165,93.58,0.121311,Q13219,ordered
PHE,1166,91.2,0.018349,Q13219,ordered
SER,1167,85.49,0.497541,Q13219,ordered
SER,1168,84.48,0.071311,Q13219,ordered
PRO,1169,83.1,0.287413,Q13219,ordered
LEU,1170,83.87,0.072778,Q13219,ordered
VAL,1171,88.61,0.0,Q13219,ordered
ALA,1172,89.31,0.0,Q13219,ordered
ILE,1173,92.2,0.0,Q13219,ordered
SER,1174,89.08,0.034426,Q13219,ordered
GLY,1175,90.56,0.0,Q13219,ordered
VAL,1176,94.06,0.0,Q13219,ordered
ALA,1177,92.04,0.0,Q13219,ordered
LEU,1178,92.74,0.0,Q13219,ordered
ARG,1179,91.24,0.074689,Q13219,intermediate
SER,1180,87.56,0.013934,Q13219,intermediate
PHE,1181,82.35,0.38211,Q13219,intermediate
ASP,1182,70.77,0.396026,Q13219,intermediate
ASN,1183,67.94,0.448101,Q13219,intermediate
PHE,1184,71.29,0.452752,Q13219,intermediate
ASP,1185,76.44,0.135099,Q13219,intermediate
PRO,1186,75.46,0.090909,Q13219,intermediate
VAL,1187,76.3,0.19125,Q13219,intermediate
THR,1188,71.75,0.167123,Q13219,intermediate
LEU,1189,72.37,0.462778,Q13219,intermediate
SER,1190,71.81,0.788525,Q13219,intermediate
SER,1191,72.75,0.60082,Q13219,intermediate
CYS,1192,76.65,0.232857,Q13219,intermediate
GLN,1193,76.3,0.690476,Q13219,intermediate
ARG,1194,67.37,1.053112,Q13219,intermediate
GLY,1195,68.7,0.434118,Q13219,intermediate
GLU,1196,75.23,0.24918,Q13219,intermediate
THR,1197,68.14,0.484247,Q13219,intermediate
TYR,1198,68.47,0.095633,Q13219,intermediate
SER,1199,64.16,0.184426,Q13219,intermediate
PRO,1200,56.84,0.504196,Q13219,intermediate
ALA,1201,55.45,0.687611,Q13219,intermediate
GLU,1202,54.82,0.562842,Q13219,intermediate
GLN,1203,58.48,0.271429,Q13219,intermediate
SER,1204,63.43,0.316393,Q13219,intermediate
CYS,1205,71.52,0.245,Q13219,intermediate
VAL,1206,68.71,0.285625,Q13219,intermediate
HIS,1207,62.29,0.596392,Q13219,intermediate
PHE,1208,54.05,0.797248,Q13219,intermediate
ALA,1209,49.99,0.790265,Q13219,disordered
CYS,1210,47.29,0.938571,Q13219,disordered
GLU,1211,50.26,0.991803,Q13219,intermediate
LYS,1212,45.68,0.762559,Q13219,intermediate
THR,1213,55.53,0.587671,Q13219,intermediate
ASP,1214,61.11,0.686755,Q13219,intermediate
CYS,1215,70.73,0.092857,Q13219,ordered
PRO,1216,73.25,0.513986,Q13219,ordered
GLU,1217,68.23,0.737705,Q13219,intermediate
LEU,1218,73.88,0.126111,Q13219,ordered
ALA,1219,75.74,0.793805,Q13219,ordered
VAL,1220,80.02,0.115,Q13219,ordered
GLU,1221,82.82,0.816393,Q13219,ordered
ASN,1222,83.48,0.308861,Q13219,ordered
ALA,1223,84.97,0.146018,Q13219,ordered
SER,1224,84.87,0.510656,Q13219,ordered
LEU,1225,83.28,0.401111,Q13219,ordered
ASN,1226,83.52,0.702532,Q13219,intermediate
CYS,1227,79.21,0.355,Q13219,intermediate
SER,1228,76.15,0.740164,Q13219,intermediate
SER,1229,65.05,0.201639,Q13219,intermediate
SER,1230,64.65,0.848361,Q13219,intermediate
ASP,1231,58.35,0.718543,Q13219,intermediate
ARG,1232,59.76,0.295851,Q13219,intermediate
TYR,1233,60.68,0.459825,Q13219,intermediate
HIS,1234,53.04,0.445361,Q13219,intermediate
GLY,1235,60.77,0.449412,Q13219,intermediate
ALA,1236,72.93,0.023894,Q13219,intermediate
GLN,1237,77.89,0.50582,Q13219,intermediate
CYS,1238,81.4,0.012143,Q13219,intermediate
THR,1239,82.26,0.292466,Q13219,intermediate
VAL,1240,85.08,0.0,Q13219,intermediate
SER,1241,84.22,0.289344,Q13219,intermediate
CYS,1242,86.03,0.204286,Q13219,intermediate
ARG,1243,85.86,0.59751,Q13219,intermediate
THR,1244,80.52,0.732877,Q13219,intermediate
GLY,1245,78.61,0.074118,Q13219,intermediate
TYR,1246,83.21,0.322271,Q13219,intermediate
VAL,1247,76.29,0.37625,Q13219,intermediate
LEU,1248,77.86,0.050556,Q13219,intermediate
GLN,1249,71.39,0.222751,Q13219,intermediate
ILE,1250,66.21,0.114286,Q13219,intermediate
ARG,1251,58.22,0.549793,Q13219,intermediate
ARG,1252,47.83,0.552697,Q13219,disordered
ASP,1253,45.68,1.037748,Q13219,disordered
ASP,1254,41.72,1.110596,Q13219,disordered
GLU,1255,36.76,0.725683,Q13219,disordered
LEU,1256,36.56,0.734444,Q13219,disordered
ILE,1257,40.93,0.520879,Q13219,disordered
LYS,1258,41.9,0.8891,Q13219,disordered
SER,1259,44.53,0.436066,Q13219,intermediate
GLN,1260,39.55,0.678836,Q13219,intermediate
THR,1261,45.12,0.955479,Q13219,intermediate
GLY,1262,50.09,0.403529,Q13219,intermediate
PRO,1263,62.5,0.767832,Q13219,intermediate
SER,1264,72.97,0.464754,Q13219,ordered
VAL,1265,72.99,0.04875,Q13219,ordered
THR,1266,77.93,0.385616,Q13219,ordered
VAL,1267,77.55,0.0,Q13219,ordered
THR,1268,75.37,0.218493,Q13219,ordered
CYS,1269,69.33,0.0,Q13219,intermediate
THR,1270,63.74,0.455479,Q13219,intermediate
GLU,1271,58.58,0.570492,Q13219,intermediate
GLY,1272,64.86,0.155294,Q13219,intermediate
LYS,1273,66.16,0.719905,Q13219,intermediate
TRP,1274,69.23,0.155212,Q13219,intermediate
ASN,1275,64.98,0.444304,Q13219,intermediate
LYS,1276,69.25,0.192891,Q13219,intermediate
GLN,1277,72.68,0.72381,Q13219,ordered
VAL,1278,80.67,0.1225,Q13219,ordered
ALA,1279,82.64,0.343363,Q13219,ordered
CYS,1280,86.31,0.105,Q13219,ordered
GLU,1281,82.9,0.486885,Q13219,ordered
PRO,1282,84.57,0.43007,Q13219,ordered
VAL,1283,84.44,0.0875,Q13219,ordered
ASP,1284,84.74,0.571523,Q13219,ordered
CYS,1285,84.92,0.005714,Q13219,ordered
SER,1286,84.13,0.286885,Q13219,ordered
ILE,1287,85.02,0.661538,Q13219,ordered
PRO,1288,82.69,0.061538,Q13219,ordered
ASP,1289,74.22,0.447682,Q13219,ordered
HIS,1290,72.72,0.432474,Q13219,ordered
HIS,1291,68.8,0.297938,Q13219,intermediate
GLN,1292,75.71,0.07672,Q13219,ordered
VAL,1293,78.3,0.003125,Q13219,ordered
TYR,1294,75.69,0.298253,Q13219,ordered
ALA,1295,78.11,0.034513,Q13219,ordered
ALA,1296,84.68,0.072566,Q13219,ordered
SER,1297,86.74,0.45082,Q13219,ordered
PHE,1298,88.86,0.212844,Q13219,ordered
SER,1299,90.26,0.514754,Q13219,ordered
CYS,1300,89.6,0.245,Q13219,ordered
PRO,1301,85.58,0.78951,Q13219,ordered
GLU,1302,84.78,0.654645,Q13219,ordered
GLY,1303,86.5,0.362353,Q13219,ordered
THR,1304,88.52,0.184247,Q13219,ordered
THR,1305,88.68,0.363699,Q13219,ordered
PHE,1306,86.69,0.401376,Q13219,ordered
GLY,1307,87.13,0.5,Q13219,ordered
SER,1308,91.59,0.071311,Q13219,ordered
GLN,1309,90.2,0.41164,Q13219,ordered
CYS,1310,90.85,0.0,Q13219,ordered
SER,1311,90.76,0.347541,Q13219,ordered
PHE,1312,89.51,0.028899,Q13219,ordered
GLN,1313,88.69,0.704233,Q13219,ordered
CYS,1314,87.59,0.256429,Q13219,ordered
ARG,1315,84.77,0.524481,Q13219,ordered
HIS,1316,78.76,0.761856,Q13219,ordered
PRO,1317,75.4,0.174825,Q13219,ordered
ALA,1318,81.01,0.106195,Q13219,ordered
GLN,1319,81.48,0.507937,Q13219,ordered
LEU,1320,83.51,0.504444,Q13219,ordered
LYS,1321,79.81,0.606161,Q13219,ordered
GLY,1322,79.37,0.401176,Q13219,ordered
ASN,1323,81.33,1.029747,Q13219,ordered
ASN,1324,83.93,0.355063,Q13219,ordered
SER,1325,87.13,0.312295,Q13219,ordered
LEU,1326,89.79,0.383889,Q13219,ordered
LEU,1327,89.46,0.0,Q13219,ordered
THR,1328,90.94,0.276027,Q13219,ordered
CYS,1329,89.92,0.015714,Q13219,ordered
MET,1330,87.33,0.40049,Q13219,ordered
GLU,1331,82.41,0.60765,Q13219,ordered
ASP,1332,77.51,0.366887,Q13219,ordered
GLY,1333,80.16,0.158824,Q13219,ordered
LEU,1334,83.89,0.147778,Q13219,ordered
TRP,1335,87.61,0.040541,Q13219,ordered
SER,1336,86.76,0.208197,Q13219,ordered
PHE,1337,83.99,0.190826,Q13219,ordered
PRO,1338,78.97,0.053147,Q13219,ordered
GLU,1339,81.65,0.613115,Q13219,ordered
ALA,1340,84.84,0.0,Q13219,ordered
LEU,1341,81.69,0.277778,Q13219,ordered
CYS,1342,84.12,0.112143,Q13219,ordered
GLU,1343,79.28,0.406557,Q13219,ordered
LEU,1344,77.37,0.173889,Q13219,ordered
MET,1345,79.95,0.144118,Q13219,ordered
CYS,1346,82.52,0.005714,Q13219,ordered
LEU,1347,85.79,0.388333,Q13219,ordered
ALA,1348,84.61,0.287611,Q13219,ordered
PRO,1349,86.07,0.088112,Q13219,ordered
PRO,1350,83.99,0.546154,Q13219,ordered
PRO,1351,83.96,0.841259,Q13219,ordered
VAL,1352,86.07,0.115,Q13219,ordered
PRO,1353,85.42,0.661538,Q13219,ordered
ASN,1354,87.12,0.3,Q13219,ordered
ALA,1355,89.01,0.107965,Q13219,ordered
ASP,1356,89.18,0.480132,Q13219,ordered
LEU,1357,89.56,0.216111,Q13219,ordered
GLN,1358,88.17,0.525926,Q13219,ordered
THR,1359,86.21,0.181507,Q13219,ordered
ALA,1360,83.89,0.627434,Q13219,ordered
ARG,1361,87.04,0.63361,Q13219,ordered
CYS,1362,87.14,0.012143,Q13219,ordered
ARG,1363,83.71,0.720332,Q13219,ordered
GLU,1364,83.67,0.67377,Q13219,ordered
ASN,1365,75.88,0.597468,Q13219,ordered
LYS,1366,78.31,0.663033,Q13219,ordered
HIS,1367,82.15,0.07268,Q13219,ordered
LYS,1368,77.92,0.661137,Q13219,ordered
VAL,1369,73.06,0.230625,Q13219,ordered
GLY,1370,74.02,0.368235,Q13219,ordered
SER,1371,83.03,0.27459,Q13219,ordered
PHE,1372,84.06,0.48945,Q13219,ordered
CYS,1373,90.12,0.016429,Q13219,ordered
LYS,1374,90.71,0.447393,Q13219,ordered
TYR,1375,90.13,0.016594,Q13219,ordered
LYS,1376,90.14,0.427488,Q13219,ordered
CYS,1377,88.61,0.005714,Q13219,ordered
LYS,1378,86.54,0.409479,Q13219,ordered
PRO,1379,81.02,0.620979,Q13219,ordered
GLY,1380,77.15,0.102353,Q13219,ordered
TYR,1381,84.9,0.303493,Q13219,ordered
HIS,1382,82.58,0.131443,Q13219,ordered
VAL,1383,83.35,0.174375,Q13219,ordered
PRO,1384,74.29,0.493706,Q13219,ordered
GLY,1385,70.34,1.043529,Q13219,ordered
SER,1386,59.32,0.231148,Q13219,intermediate
SER,1387,54.63,0.610656,Q13219,intermediate
ARG,1388,56.09,0.884647,Q13219,intermediate
LYS,1389,57.09,0.954028,Q13219,intermediate
SER,1390,59.98,0.585246,Q13219,intermediate
LYS,1391,66.77,0.335545,Q13219,intermediate
LYS,1392,77.18,0.678199,Q13219,ordered
ARG,1393,80.34,0.33278,Q13219,ordered
ALA,1394,86.12,0.472566,Q13219,ordered
PHE,1395,87.66,0.15,Q13219,ordered
LYS,1396,88.13,0.719431,Q13219,ordered
THR,1397,87.56,0.035616,Q13219,ordered
GLN,1398,85.28,0.302646,Q13219,ordered
CYS,1399,84.64,0.02,Q13219,ordered
THR,1400,78.86,0.277397,Q13219,ordered
GLN,1401,69.56,0.661905,Q13219,intermediate
ASP,1402,72.15,0.61457,Q13219,ordered
GLY,1403,76.18,0.156471,Q13219,ordered
SER,1404,79.53,0.378689,Q13219,ordered
TRP,1405,82.66,0.111969,Q13219,ordered
GLN,1406,82.74,0.486772,Q13219,ordered
GLU,1407,78.29,1.030601,Q13219,ordered
GLY,1408,81.11,0.311765,Q13219,ordered
ALA,1409,82.78,0.49646,Q13219,ordered
CYS,1410,86.37,0.099286,Q13219,ordered
VAL,1411,83.19,0.34,Q13219,ordered
PRO,1412,82.07,0.402098,Q13219,ordered
VAL,1413,82.65,0.03875,Q13219,ordered
THR,1414,81.01,0.534932,Q13219,ordered
CYS,1415,84.43,0.058571,Q13219,ordered
ASP,1416,82.72,0.603311,Q13219,ordered
PRO,1417,82.61,0.59021,Q13219,ordered
PRO,1418,84.95,0.08042,Q13219,ordered
PRO,1419,84.42,0.448252,Q13219,ordered
PRO,1420,82.71,0.458741,Q13219,ordered
LYS,1421,81.62,0.343602,Q13219,ordered
PHE,1422,85.61,0.005505,Q13219,ordered
HIS,1423,82.41,0.415979,Q13219,ordered
GLY,1424,80.22,0.837647,Q13219,ordered
LEU,1425,81.86,0.229444,Q13219,ordered
TYR,1426,85.08,0.196507,Q13219,ordered
GLN,1427,85.44,0.664021,Q13219,ordered
CYS,1428,87.28,0.277143,Q13219,ordered
THR,1429,86.69,0.723288,Q13219,ordered
ASN,1430,83.52,0.492405,Q13219,ordered
GLY,1431,81.42,0.467059,Q13219,ordered
PHE,1432,87.5,0.279817,Q13219,ordered
GLN,1433,82.68,0.387831,Q13219,ordered
PHE,1434,79.91,0.307339,Q13219,ordered
ASN,1435,82.12,0.693038,Q13219,ordered
SER,1436,86.19,0.001639,Q13219,ordered
GLU,1437,85.88,0.215301,Q13219,ordered
CYS,1438,86.93,0.0,Q13219,ordered
ARG,1439,81.75,0.575519,Q13219,ordered
ILE,1440,83.46,0.064835,Q13219,ordered
LYS,1441,72.0,0.699526,Q13219,intermediate
CYS,1442,70.07,0.272143,Q13219,ordered
GLU,1443,61.81,0.797268,Q13219,intermediate
ASP,1444,51.05,0.986755,Q13219,intermediate
SER,1445,47.01,0.795902,Q13219,intermediate
ASP,1446,44.44,0.909934,Q13219,intermediate
ALA,1447,51.5,0.979646,Q13219,intermediate
SER,1448,51.86,0.828689,Q13219,intermediate
GLN,1449,44.67,0.853968,Q13219,intermediate
GLY,1450,51.91,1.001176,Q13219,intermediate
LEU,1451,47.66,0.815556,Q13219,intermediate
GLY,1452,55.27,0.430588,Q13219,intermediate
SER,1453,65.35,0.610656,Q13219,intermediate
ASN,1454,74.39,0.348101,Q13219,ordered
VAL,1455,83.86,0.270625,Q13219,ordered
ILE,1456,87.92,0.024725,Q13219,ordered
HIS,1457,87.37,0.392268,Q13219,ordered
CYS,1458,86.56,0.027143,Q13219,ordered
ARG,1459,82.89,0.455187,Q13219,ordered
LYS,1460,76.61,0.53981,Q13219,ordered
ASP,1461,77.82,0.607285,Q13219,ordered
GLY,1462,78.93,0.162353,Q13219,ordered
THR,1463,82.6,0.365068,Q13219,ordered
TRP,1464,83.12,0.159459,Q13219,ordered
ASN,1465,84.32,0.513924,Q13219,ordered
GLY,1466,80.89,0.437647,Q13219,ordered
SER,1467,80.82,0.563934,Q13219,ordered
PHE,1468,82.49,0.051835,Q13219,ordered
HIS,1469,76.53,0.481443,Q13219,ordered
VAL,1470,76.04,0.40875,Q13219,ordered
CYS,1471,77.35,0.162143,Q13219,ordered
GLN,1472,70.06,0.836508,Q13219,ordered
GLU,1473,70.04,0.589071,Q13219,ordered
MET,1474,77.99,0.151961,Q13219,ordered
GLN,1475,77.96,0.780423,Q13219,ordered
GLY,1476,82.84,0.44,Q13219,ordered
GLN,1477,86.62,0.673545,Q13219,ordered
CYS,1478,86.59,0.046429,Q13219,ordered
SER,1479,84.46,0.684426,Q13219,ordered
VAL,1480,82.71,0.4975,Q13219,ordered
PRO,1481,77.42,0.155944,Q13219,ordered
ASN,1482,72.89,0.870886,Q13219,ordered
GLU,1483,70.22,0.719126,Q13219,ordered
LEU,1484,73.53,0.386111,Q13219,ordered
ASN,1485,76.0,0.327848,Q13219,ordered
SER,1486,72.41,0.871311,Q13219,ordered
ASN,1487,80.69,0.522152,Q13219,ordered
LEU,1488,85.94,0.07,Q13219,ordered
LYS,1489,83.25,0.462085,Q13219,ordered
LEU,1490,84.77,0.158333,Q13219,ordered
GLN,1491,84.95,0.556085,Q13219,ordered
CYS,1492,86.12,0.211429,Q13219,ordered
PRO,1493,82.28,0.785315,Q13219,ordered
ASP,1494,82.99,0.755629,Q13219,ordered
GLY,1495,84.48,0.255294,Q13219,ordered
TYR,1496,88.23,0.304367,Q13219,ordered
ALA,1497,85.51,0.350442,Q13219,ordered
ILE,1498,84.73,0.197253,Q13219,ordered
GLY,1499,84.62,0.343529,Q13219,ordered
SER,1500,87.86,0.086066,Q13219,ordered
GLU,1501,86.65,0.448087,Q13219,ordered
CYS,1502,87.63,0.001429,Q13219,ordered
ALA,1503,88.1,0.399115,Q13219,ordered
THR,1504,88.35,0.113014,Q13219,ordered
SER,1505,85.63,0.334426,Q13219,ordered
CYS,1506,86.66,0.145714,Q13219,ordered
LEU,1507,82.06,0.666667,Q13219,ordered
ASP,1508,80.33,0.497351,Q13219,ordered
HIS,1509,73.41,0.730928,Q13219,ordered
ASN,1510,75.48,0.633544,Q13219,ordered
SER,1511,84.01,0.218033,Q13219,ordered
GLU,1512,83.62,0.323497,Q13219,ordered
SER,1513,85.76,0.106557,Q13219,ordered
ILE,1514,86.03,0.0,Q13219,ordered
ILE,1515,84.94,0.267582,Q13219,ordered
LEU,1516,77.66,0.095,Q13219,ordered
PRO,1517,77.12,0.465035,Q13219,ordered
MET,1518,70.56,0.947059,Q13219,ordered
ASN,1519,75.82,0.956329,Q13219,ordered
VAL,1520,78.36,0.215,Q13219,ordered
THR,1521,76.94,0.50137,Q13219,ordered
VAL,1522,69.42,0.416875,Q13219,intermediate
ARG,1523,69.47,0.950622,Q13219,intermediate
ASP,1524,72.37,0.668212,Q13219,ordered
ILE,1525,76.71,0.288462,Q13219,ordered
PRO,1526,80.76,0.251049,Q13219,ordered
HIS,1527,78.22,0.310309,Q13219,ordered
TRP,1528,80.92,0.660232,Q13219,ordered
LEU,1529,82.19,0.215556,Q13219,ordered
ASN,1530,82.02,0.586076,Q13219,ordered
PRO,1531,82.06,0.062937,Q13219,ordered
THR,1532,82.51,0.624658,Q13219,ordered
ARG,1533,84.83,0.516183,Q13219,ordered
VAL,1534,83.65,0.079375,Q13219,ordered
GLU,1535,84.99,0.625683,Q13219,ordered
ARG,1536,86.49,0.531535,Q13219,ordered
VAL,1537,88.33,0.0,Q13219,ordered
VAL,1538,88.31,0.081875,Q13219,ordered
CYS,1539,88.34,0.0,Q13219,ordered
THR,1540,87.65,0.05,Q13219,ordered
ALA,1541,82.51,0.095575,Q13219,ordered
GLY,1542,83.6,0.475294,Q13219,ordered
LEU,1543,84.95,0.382222,Q13219,ordered
LYS,1544,86.33,0.682938,Q13219,ordered
TRP,1545,87.16,0.080309,Q13219,ordered
TYR,1546,86.7,0.387336,Q13219,ordered
PRO,1547,86.59,0.14965,Q13219,ordered
HIS,1548,84.68,0.439175,Q13219,ordered
PRO,1549,84.9,0.018182,Q13219,ordered
ALA,1550,81.38,0.361947,Q13219,ordered
LEU,1551,84.42,0.483333,Q13219,ordered
ILE,1552,87.44,0.001099,Q13219,ordered
HIS,1553,86.48,0.274227,Q13219,ordered
CYS,1554,86.25,0.171429,Q13219,ordered
VAL,1555,83.42,0.076875,Q13219,ordered
LYS,1556,81.41,0.465403,Q13219,ordered
GLY,1557,81.12,0.068235,Q13219,ordered
CYS,1558,84.28,0.305714,Q13219,ordered
GLU,1559,83.17,0.321858,Q13219,ordered
PRO,1560,79.5,0.786713,Q13219,ordered
PHE,1561,83.07,0.543119,Q13219,ordered
MET,1562,83.23,0.404902,Q13219,ordered
GLY,1563,80.31,0.405882,Q13219,ordered
ASP,1564,82.36,0.400662,Q13219,ordered
ASN,1565,80.0,0.257595,Q13219,ordered
TYR,1566,84.35,0.39214,Q13219,ordered
CYS,1567,86.2,0.0,Q13219,ordered
ASP,1568,87.42,0.109272,Q13219,ordered
ALA,1569,83.95,0.270796,Q13219,ordered
ILE,1570,84.24,0.436264,Q13219,ordered
ASN,1571,88.56,0.003165,Q13219,ordered
ASN,1572,89.6,0.010127,Q13219,ordered
ARG,1573,88.61,0.256432,Q13219,ordered
ALA,1574,86.2,0.10531,Q13219,ordered
PHE,1575,84.51,0.058716,Q13219,ordered
CYS,1576,87.44,0.009286,Q13219,ordered
ASN,1577,87.43,0.691139,Q13219,ordered
TYR,1578,90.4,0.107424,Q13219,ordered
ASP,1579,90.97,0.0,Q13219,ordered
GLY,1580,87.68,0.609412,Q13219,ordered
GLY,1581,86.77,0.055294,Q13219,ordered
ASP,1582,87.99,0.037748,Q13219,ordered
CYS,1583,88.94,0.027143,Q13219,ordered
CYS,1584,85.43,0.018571,Q13219,ordered
THR,1585,79.43,0.464384,Q13219,ordered
SER,1586,78.01,0.220492,Q13219,ordered
THR,1587,79.43,0.357534,Q13219,ordered
VAL,1588,79.15,0.0125,Q13219,ordered
LYS,1589,69.36,0.738863,Q13219,intermediate
THR,1590,64.41,0.173973,Q13219,intermediate
LYS,1591,64.31,0.576303,Q13219,intermediate
LYS,1592,64.9,0.411374,Q13219,intermediate
VAL,1593,71.63,0.18375,Q13219,ordered
THR,1594,76.59,0.115068,Q13219,ordered
PRO,1595,77.94,0.098601,Q13219,intermediate
PHE,1596,73.79,0.531651,Q13219,intermediate
PRO,1597,69.86,0.493007,Q13219,intermediate
MET,1598,67.4,0.623529,Q13219,intermediate
SER,1599,72.37,0.863115,Q13219,intermediate
CYS,1600,74.6,0.128571,Q13219,intermediate
ASP,1601,74.86,0.568874,Q13219,intermediate
LEU,1602,73.64,0.518889,Q13219,intermediate
GLN,1603,74.35,0.915344,Q13219,intermediate
GLY,1604,79.6,0.270588,Q13219,intermediate
ASP,1605,78.91,0.578146,Q13219,intermediate
CYS,1606,86.11,0.008571,Q13219,intermediate
ALA,1607,86.04,0.153097,Q13219,intermediate
CYS,1608,87.66,0.24,Q13219,intermediate
ARG,1609,86.71,0.243983,Q13219,intermediate
ASP,1610,85.0,0.137086,Q13219,intermediate
PRO,1611,80.89,0.601399,Q13219,intermediate
GLN,1612,78.9,0.894709,Q13219,intermediate
ALA,1613,81.2,0.014159,Q13219,intermediate
GLN,1614,76.2,0.72328,Q13219,intermediate
GLU,1615,75.56,0.336612,Q13219,intermediate
HIS,1616,72.66,0.469588,Q13219,intermediate
SER,1617,62.89,0.44918,Q13219,intermediate
ARG,1618,49.19,0.926141,Q13219,disordered
LYS,1619,45.75,0.858768,Q13219,disordered
ASP,1620,43.73,0.892053,Q13219,disordered
LEU,1621,37.97,0.406667,Q13219,disordered
ARG,1622,34.71,1.003734,Q13219,disordered
GLY,1623,39.49,0.678824,Q13219,disordered
TYR,1624,37.21,0.80262,Q13219,disordered
SER,1625,27.86,0.797541,Q13219,disordered
HIS,1626,25.08,1.06134,Q13219,disordered
GLY,1627,30.13,1.670588,Q13219,disordered
