aa,pos,plddt,rsa,uniprot_id,location
MET,1,50.37,1.137255,Q5TZF3,intermediate
GLU,2,41.4,0.930601,Q5TZF3,disordered
SER,3,44.94,0.817213,Q5TZF3,disordered
GLU,4,48.12,1.020219,Q5TZF3,disordered
GLY,5,50.62,0.774118,Q5TZF3,intermediate
PRO,6,56.14,0.831469,Q5TZF3,intermediate
PRO,7,51.04,0.88951,Q5TZF3,intermediate
GLU,8,47.06,0.940437,Q5TZF3,disordered
SER,9,47.55,0.72377,Q5TZF3,disordered
GLU,10,49.77,0.897268,Q5TZF3,disordered
SER,11,47.28,0.783607,Q5TZF3,disordered
SER,12,43.89,0.602459,Q5TZF3,disordered
GLU,13,44.53,0.677049,Q5TZF3,disordered
PHE,14,36.75,0.611927,Q5TZF3,disordered
PHE,15,38.02,0.628899,Q5TZF3,disordered
SER,16,48.0,0.411475,Q5TZF3,disordered
GLN,17,41.72,0.584127,Q5TZF3,disordered
GLN,18,40.78,0.474603,Q5TZF3,disordered
GLU,19,43.54,0.479235,Q5TZF3,disordered
GLU,20,41.89,0.692896,Q5TZF3,disordered
GLU,21,39.26,0.757923,Q5TZF3,intermediate
ASN,22,46.22,0.374684,Q5TZF3,intermediate
GLU,23,48.62,0.350273,Q5TZF3,intermediate
GLU,24,45.41,0.719672,Q5TZF3,intermediate
GLU,25,46.43,0.703279,Q5TZF3,intermediate
GLU,26,51.61,0.279235,Q5TZF3,intermediate
ALA,27,51.69,0.436283,Q5TZF3,intermediate
GLN,28,45.05,0.566667,Q5TZF3,intermediate
GLU,29,48.67,0.797268,Q5TZF3,intermediate
PRO,30,46.98,0.476224,Q5TZF3,intermediate
GLU,31,43.94,0.891803,Q5TZF3,intermediate
GLU,32,46.75,0.723497,Q5TZF3,intermediate
THR,33,43.6,0.875342,Q5TZF3,intermediate
GLY,34,53.09,0.610588,Q5TZF3,intermediate
PRO,35,59.18,0.86993,Q5TZF3,intermediate
LYS,36,76.08,0.882464,Q5TZF3,ordered
ASN,37,87.63,0.181013,Q5TZF3,ordered
PRO,38,91.82,0.244755,Q5TZF3,ordered
LEU,39,93.38,0.0,Q5TZF3,ordered
LEU,40,91.96,0.282778,Q5TZF3,ordered
GLN,41,92.13,0.560847,Q5TZF3,ordered
PRO,42,93.65,0.106294,Q5TZF3,ordered
ALA,43,94.48,0.0,Q5TZF3,ordered
LEU,44,93.83,0.322222,Q5TZF3,ordered
THR,45,94.06,0.641781,Q5TZF3,ordered
GLY,46,94.17,0.336471,Q5TZF3,ordered
ASP,47,96.21,0.442384,Q5TZF3,ordered
VAL,48,96.38,0.21,Q5TZF3,ordered
GLU,49,95.08,0.828962,Q5TZF3,ordered
GLY,50,93.72,0.258824,Q5TZF3,ordered
LEU,51,94.72,0.001667,Q5TZF3,ordered
GLN,52,94.92,0.258201,Q5TZF3,ordered
LYS,53,94.9,0.556872,Q5TZF3,ordered
ILE,54,94.83,0.075275,Q5TZF3,ordered
PHE,55,94.3,0.091743,Q5TZF3,ordered
GLU,56,94.37,0.631694,Q5TZF3,ordered
ASP,57,94.78,0.272185,Q5TZF3,ordered
PRO,58,92.81,0.733566,Q5TZF3,ordered
GLU,59,93.29,0.910383,Q5TZF3,ordered
ASN,60,92.19,0.194304,Q5TZF3,ordered
PRO,61,92.14,0.798601,Q5TZF3,ordered
HIS,62,92.75,0.359278,Q5TZF3,ordered
HIS,63,93.34,0.301031,Q5TZF3,ordered
GLU,64,93.34,0.979781,Q5TZF3,ordered
GLN,65,93.57,0.55291,Q5TZF3,ordered
ALA,66,93.99,0.010619,Q5TZF3,ordered
MET,67,93.86,0.358333,Q5TZF3,ordered
GLN,68,93.57,0.683598,Q5TZF3,ordered
LEU,69,93.37,0.145556,Q5TZF3,ordered
LEU,70,93.17,0.002778,Q5TZF3,ordered
LEU,71,92.82,0.428333,Q5TZF3,ordered
GLU,72,93.15,0.506011,Q5TZF3,ordered
GLU,73,93.02,0.523497,Q5TZF3,ordered
ASP,74,92.27,0.384106,Q5TZF3,ordered
ILE,75,92.92,0.922527,Q5TZF3,ordered
VAL,76,92.76,0.340625,Q5TZF3,ordered
GLY,77,92.93,0.132941,Q5TZF3,ordered
ARG,78,93.43,0.308299,Q5TZF3,ordered
ASN,79,92.49,0.094937,Q5TZF3,ordered
LEU,80,94.2,0.040556,Q5TZF3,ordered
LEU,81,96.0,0.011111,Q5TZF3,ordered
TYR,82,95.66,0.148908,Q5TZF3,ordered
ALA,83,94.09,0.121239,Q5TZF3,ordered
ALA,84,96.09,0.0,Q5TZF3,ordered
CYS,85,96.72,0.0,Q5TZF3,ordered
MET,86,95.41,0.134314,Q5TZF3,ordered
ALA,87,95.93,0.277876,Q5TZF3,ordered
GLY,88,97.3,0.297647,Q5TZF3,ordered
GLN,89,97.79,0.212698,Q5TZF3,ordered
SER,90,97.7,0.166393,Q5TZF3,ordered
ASP,91,97.7,0.639735,Q5TZF3,ordered
VAL,92,97.26,0.005,Q5TZF3,ordered
ILE,93,97.45,0.0,Q5TZF3,ordered
ARG,94,97.73,0.334025,Q5TZF3,ordered
ALA,95,96.54,0.040708,Q5TZF3,ordered
LEU,96,95.07,0.0,Q5TZF3,ordered
ALA,97,95.88,0.225664,Q5TZF3,ordered
LYS,98,95.22,0.751185,Q5TZF3,ordered
TYR,99,93.44,0.273799,Q5TZF3,ordered
GLY,100,92.27,0.807059,Q5TZF3,ordered
VAL,101,94.37,0.115,Q5TZF3,ordered
ASN,102,95.5,0.491772,Q5TZF3,ordered
LEU,103,96.68,0.09,Q5TZF3,ordered
ASN,104,96.57,0.399367,Q5TZF3,ordered
GLU,105,95.51,0.29071,Q5TZF3,ordered
LYS,106,96.52,0.452133,Q5TZF3,ordered
THR,107,96.78,0.117808,Q5TZF3,ordered
THR,108,96.09,0.710959,Q5TZF3,ordered
ARG,109,96.35,0.346473,Q5TZF3,ordered
GLY,110,97.21,0.156471,Q5TZF3,ordered
TYR,111,97.68,0.082096,Q5TZF3,ordered
THR,112,97.78,0.028082,Q5TZF3,ordered
LEU,113,97.76,0.053889,Q5TZF3,ordered
LEU,114,97.92,0.019444,Q5TZF3,ordered
HIS,115,98.36,0.009794,Q5TZF3,ordered
CYS,116,97.6,0.012857,Q5TZF3,ordered
ALA,117,98.16,0.0,Q5TZF3,ordered
ALA,118,98.35,0.0,Q5TZF3,ordered
ALA,119,97.63,0.192035,Q5TZF3,ordered
TRP,120,97.08,0.283784,Q5TZF3,ordered
GLY,121,97.82,0.325882,Q5TZF3,ordered
ARG,122,98.24,0.352697,Q5TZF3,ordered
LEU,123,98.44,0.191111,Q5TZF3,ordered
GLU,124,98.3,0.55082,Q5TZF3,ordered
THR,125,98.35,0.006849,Q5TZF3,ordered
LEU,126,97.95,0.0,Q5TZF3,ordered
LYS,127,98.07,0.301422,Q5TZF3,ordered
ALA,128,98.07,0.0,Q5TZF3,ordered
LEU,129,98.3,0.002222,Q5TZF3,ordered
VAL,130,97.1,0.183125,Q5TZF3,ordered
GLU,131,96.0,0.645355,Q5TZF3,ordered
LEU,132,97.04,0.322222,Q5TZF3,ordered
ASP,133,94.94,0.749007,Q5TZF3,ordered
VAL,134,97.07,0.08875,Q5TZF3,ordered
ASP,135,97.48,0.471523,Q5TZF3,ordered
ILE,136,97.42,0.090659,Q5TZF3,ordered
GLU,137,97.8,0.384699,Q5TZF3,ordered
ALA,138,97.99,0.043363,Q5TZF3,ordered
LEU,139,98.29,0.427778,Q5TZF3,ordered
ASN,140,97.83,0.075949,Q5TZF3,ordered
PHE,141,97.35,0.497706,Q5TZF3,ordered
ARG,142,96.55,0.344398,Q5TZF3,ordered
GLU,143,97.8,0.814208,Q5TZF3,ordered
GLU,144,98.07,0.132787,Q5TZF3,ordered
ARG,145,98.32,0.294606,Q5TZF3,ordered
ALA,146,98.35,0.010619,Q5TZF3,ordered
ARG,147,98.39,0.312863,Q5TZF3,ordered
ASP,148,98.46,0.370861,Q5TZF3,ordered
VAL,149,98.21,0.003125,Q5TZF3,ordered
ALA,150,98.45,0.0,Q5TZF3,ordered
ALA,151,98.34,0.466372,Q5TZF3,ordered
ARG,152,97.38,0.287967,Q5TZF3,ordered
TYR,153,96.98,0.30786,Q5TZF3,ordered
SER,154,97.79,0.75082,Q5TZF3,ordered
GLN,155,98.17,0.28254,Q5TZF3,ordered
THR,156,98.27,0.606849,Q5TZF3,ordered
GLU,157,98.29,0.666667,Q5TZF3,ordered
CYS,158,98.54,0.014286,Q5TZF3,ordered
VAL,159,98.64,0.1575,Q5TZF3,ordered
GLU,160,98.17,0.637705,Q5TZF3,ordered
PHE,161,98.32,0.118349,Q5TZF3,ordered
LEU,162,98.18,0.006667,Q5TZF3,ordered
ASP,163,98.11,0.339735,Q5TZF3,ordered
TRP,164,97.95,0.211197,Q5TZF3,ordered
ALA,165,97.49,0.035398,Q5TZF3,ordered
ASP,166,96.95,0.184768,Q5TZF3,ordered
ALA,167,97.18,0.067257,Q5TZF3,ordered
ARG,168,96.59,0.216598,Q5TZF3,ordered
LEU,169,95.76,0.218889,Q5TZF3,ordered
THR,170,96.44,0.357534,Q5TZF3,ordered
LEU,171,96.81,0.003889,Q5TZF3,ordered
LYS,172,96.08,0.532227,Q5TZF3,ordered
LYS,173,96.3,0.412322,Q5TZF3,ordered
TYR,174,96.79,0.176856,Q5TZF3,ordered
ILE,175,96.62,0.012637,Q5TZF3,ordered
ALA,176,96.01,0.524779,Q5TZF3,ordered
LYS,177,95.15,0.692417,Q5TZF3,ordered
VAL,178,94.06,0.026875,Q5TZF3,ordered
SER,179,93.03,0.315574,Q5TZF3,ordered
LEU,180,91.64,0.563889,Q5TZF3,ordered
ALA,181,89.06,0.349558,Q5TZF3,ordered
VAL,182,86.57,0.0,Q5TZF3,ordered
THR,183,83.45,0.469178,Q5TZF3,ordered
ASP,184,77.83,0.559603,Q5TZF3,ordered
THR,185,67.58,0.243151,Q5TZF3,intermediate
GLU,186,57.89,0.803279,Q5TZF3,intermediate
LYS,187,57.6,0.930332,Q5TZF3,intermediate
GLY,188,52.84,0.476471,Q5TZF3,intermediate
SER,189,50.92,1.113115,Q5TZF3,intermediate
GLY,190,58.2,0.477647,Q5TZF3,intermediate
LYS,191,64.06,0.932701,Q5TZF3,intermediate
LEU,192,71.08,0.151111,Q5TZF3,ordered
LEU,193,79.02,0.611111,Q5TZF3,ordered
LYS,194,83.48,0.767299,Q5TZF3,ordered
GLU,195,86.63,0.752459,Q5TZF3,ordered
ASP,196,89.62,0.198675,Q5TZF3,ordered
LYS,197,89.15,0.185308,Q5TZF3,ordered
ASN,198,90.96,0.529114,Q5TZF3,ordered
THR,199,93.03,0.461644,Q5TZF3,ordered
ILE,200,93.32,0.0,Q5TZF3,ordered
LEU,201,93.38,0.238889,Q5TZF3,ordered
SER,202,95.27,0.488525,Q5TZF3,ordered
ALA,203,96.45,0.10177,Q5TZF3,ordered
CYS,204,96.62,0.036429,Q5TZF3,ordered
ARG,205,96.52,0.676349,Q5TZF3,ordered
ALA,206,97.01,0.463717,Q5TZF3,ordered
LYS,207,96.69,0.104739,Q5TZF3,ordered
ASN,208,95.83,0.389241,Q5TZF3,ordered
GLU,209,96.81,0.639344,Q5TZF3,ordered
TRP,210,97.45,0.150965,Q5TZF3,ordered
LEU,211,95.69,0.081667,Q5TZF3,ordered
GLU,212,94.01,0.771038,Q5TZF3,ordered
THR,213,95.67,0.633562,Q5TZF3,ordered
HIS,214,94.67,0.409278,Q5TZF3,ordered
THR,215,91.51,0.569863,Q5TZF3,ordered
GLU,216,92.08,0.926776,Q5TZF3,ordered
ALA,217,94.97,0.053097,Q5TZF3,ordered
SER,218,96.66,0.4,Q5TZF3,ordered
ILE,219,96.85,0.308242,Q5TZF3,ordered
ASN,220,97.26,0.677215,Q5TZF3,ordered
GLU,221,97.41,0.416393,Q5TZF3,ordered
LEU,222,97.11,0.006667,Q5TZF3,ordered
PHE,223,96.79,0.488532,Q5TZF3,ordered
GLU,224,97.44,0.560109,Q5TZF3,ordered
GLN,225,97.66,0.116402,Q5TZF3,ordered
ARG,226,96.49,0.356846,Q5TZF3,intermediate
GLN,227,97.12,0.480423,Q5TZF3,intermediate
GLN,228,97.06,0.420635,Q5TZF3,intermediate
LEU,229,96.5,0.0,Q5TZF3,intermediate
GLU,230,96.48,0.359563,Q5TZF3,intermediate
ASP,231,96.2,0.612583,Q5TZF3,intermediate
ILE,232,94.16,0.35,Q5TZF3,intermediate
VAL,233,93.46,0.014375,Q5TZF3,intermediate
THR,234,92.76,0.441781,Q5TZF3,intermediate
PRO,235,91.59,0.446853,Q5TZF3,intermediate
ILE,236,88.51,0.072527,Q5TZF3,intermediate
PHE,237,87.14,0.223394,Q5TZF3,intermediate
THR,238,86.15,0.462329,Q5TZF3,intermediate
LYS,239,82.27,0.634597,Q5TZF3,intermediate
MET,240,70.73,0.415196,Q5TZF3,intermediate
THR,241,71.22,0.736301,Q5TZF3,intermediate
THR,242,62.13,0.606849,Q5TZF3,intermediate
PRO,243,53.48,0.788811,Q5TZF3,intermediate
CYS,244,42.58,0.875,Q5TZF3,disordered
GLN,245,41.88,0.892593,Q5TZF3,disordered
VAL,246,41.19,0.785,Q5TZF3,disordered
LYS,247,39.35,0.904265,Q5TZF3,disordered
SER,248,43.17,0.864754,Q5TZF3,disordered
ALA,249,38.49,0.822124,Q5TZF3,disordered
LYS,250,42.46,0.854028,Q5TZF3,disordered
SER,251,36.73,0.895902,Q5TZF3,disordered
VAL,252,43.77,0.899375,Q5TZF3,disordered
THR,253,38.39,0.89589,Q5TZF3,disordered
SER,254,46.15,0.940984,Q5TZF3,disordered
HIS,255,46.8,0.945876,Q5TZF3,disordered
ASP,256,46.21,1.027152,Q5TZF3,disordered
GLN,257,50.02,0.984127,Q5TZF3,intermediate
LYS,258,48.48,0.954502,Q5TZF3,disordered
ARG,259,48.66,0.970124,Q5TZF3,disordered
SER,260,49.27,0.70082,Q5TZF3,disordered
GLN,261,49.5,0.869312,Q5TZF3,disordered
ASP,262,51.84,0.923179,Q5TZF3,intermediate
ASP,263,51.94,0.825828,Q5TZF3,intermediate
THR,264,57.62,0.776027,Q5TZF3,intermediate
SER,265,59.51,0.891803,Q5TZF3,intermediate
ASN,266,48.74,1.451266,Q5TZF3,disordered
